**** 0 ****
100
13; 19; 0; 1; 207; 
12; 17; 0; 1; 387; 
15; 5; 0; 1; 502; 
15; 30; 0; 1; 528; 
22; 15; 0; 1; 601; 
22; 15; 0; 1; 72; 
18; 9; 0; 1; 580; 
1; 21; 0; 1; 691; 
8; 16; 0; 1; 678; 
16; 2; 0; 1; 439; 
23; 1; 0; 1; 502; 
12; 29; 0; 1; 84; 
11; 23; 0; 1; 454; 
16; 25; 0; 1; 590; 
12; 23; 0; 1; 520; 
28; 23; 0; 1; 441; 
25; 25; 0; 1; 82; 
25; 23; 0; 1; 75; 
23; 14; 0; 1; 193; 
8; 14; 0; 1; 222; 
17; 11; 0; 1; 627; 
25; 17; 0; 1; 122; 
23; 29; 0; 1; 293; 
3; 22; 0; 1; 234; 
7; 14; 0; 1; 153; 
24; 4; 0; 1; 94; 
25; 12; 0; 1; 502; 
25; 22; 0; 1; 129; 
24; 18; 0; 1; 536; 
21; 2; 0; 1; 380; 
23; 12; 0; 1; 8; 
24; 9; 0; 1; 474; 
6; 27; 0; 1; 494; 
22; 18; 0; 1; 626; 
27; 16; 0; 1; 478; 
16; 16; 0; 1; 119; 
13; 26; 0; 1; 593; 
26; 20; 0; 1; 318; 
27; 15; 0; 1; 551; 
23; 6; 0; 1; 176; 
20; 11; 0; 1; 489; 
1; 7; 0; 1; 210; 
19; 18; 0; 1; 88; 
25; 12; 0; 1; 357; 
2; 4; 0; 1; 336; 
3; 4; 0; 1; 310; 
30; 4; 0; 1; 214; 
1; 3; 0; 1; 347; 
22; 3; 0; 1; 557; 
14; 7; 0; 1; 284; 
16; 7; 0; 1; 382; 
26; 24; 0; 1; 567; 
15; 21; 0; 1; 396; 
7; 23; 0; 1; 381; 
19; 6; 0; 1; 171; 
16; 2; 0; 1; 305; 
1; 21; 0; 1; 552; 
15; 10; 0; 1; 34; 
20; 12; 0; 1; 253; 
3; 28; 0; 1; 538; 
15; 7; 0; 1; 495; 
21; 4; 0; 1; 383; 
9; 28; 0; 1; 362; 
21; 20; 0; 1; 122; 
9; 1; 0; 1; 154; 
25; 15; 0; 1; 92; 
5; 22; 0; 1; 431; 
11; 1; 0; 1; 469; 
28; 1; 0; 1; 362; 
7; 8; 0; 1; 208; 
2; 22; 0; 1; 369; 
1; 4; 0; 1; 524; 
16; 19; 0; 1; 361; 
2; 15; 0; 1; 425; 
28; 14; 0; 1; 633; 
9; 12; 0; 1; 727; 
13; 5; 0; 1; 492; 
14; 25; 0; 1; 203; 
6; 25; 0; 1; 578; 
21; 8; 0; 1; 249; 
6; 19; 0; 1; 56; 
7; 13; 0; 1; 705; 
22; 30; 0; 1; 42; 
12; 15; 0; 1; 593; 
23; 21; 0; 1; 365; 
20; 9; 0; 1; 383; 
28; 6; 0; 1; 400; 
17; 26; 0; 1; 544; 
2; 26; 0; 1; 617; 
11; 3; 0; 1; 73; 
11; 11; 0; 1; 493; 
8; 21; 0; 1; 467; 
1; 5; 0; 1; 536; 
30; 3; 0; 1; 83; 
6; 30; 0; 1; 727; 
4; 3; 0; 1; 136; 
11; 28; 0; 1; 723; 
29; 16; 0; 1; 248; 
22; 17; 0; 1; 285; 
1; 26; 0; 1; 206; 
0; 0; 197; 14; 
1; 0; 1004; 7; 
2; 0; 923; 8; 
3; 0; 1103; 13; 
4; 0; 675; 11; 
5; 0; 693; 14; 
6; 0; 168; 9; 
7; 0; 933; 12; 
8; 0; 1431; 8; 
9; 0; 472; 14; 
10; 0; 540; 10; 
11; 0; 344; 14; 
12; 0; 674; 10; 
13; 0; 1454; 14; 
14; 0; 215; 7; 
15; 0; 1294; 13; 
16; 0; 573; 12; 
17; 0; 738; 14; 
18; 0; 359; 8; 
19; 0; 571; 12; 
20; 0; 1333; 13; 
21; 0; 990; 14; 
22; 0; 608; 6; 
23; 0; 95; 5; 
24; 0; 312; 13; 
*** EOF ***