**** 1 ****
100
15; 4; 0; 1; 93; 
3; 27; 0; 1; 480; 
11; 20; 0; 1; 65; 
2; 12; 0; 1; 156; 
27; 11; 0; 1; 41; 
20; 1; 0; 1; 654; 
20; 25; 0; 1; 689; 
12; 30; 0; 1; 706; 
12; 13; 0; 1; 172; 
9; 28; 0; 1; 333; 
5; 29; 0; 1; 612; 
28; 5; 0; 1; 26; 
16; 15; 0; 1; 111; 
3; 10; 0; 1; 37; 
16; 20; 0; 1; 726; 
14; 13; 0; 1; 266; 
26; 16; 0; 1; 660; 
16; 16; 0; 1; 73; 
30; 26; 0; 1; 502; 
3; 6; 0; 1; 470; 
20; 22; 0; 1; 356; 
29; 27; 0; 1; 160; 
20; 16; 0; 1; 115; 
9; 30; 0; 1; 440; 
15; 6; 0; 1; 327; 
12; 9; 0; 1; 28; 
19; 20; 0; 1; 140; 
9; 15; 0; 1; 67; 
28; 5; 0; 1; 516; 
4; 12; 0; 1; 47; 
21; 17; 0; 1; 324; 
27; 22; 0; 1; 514; 
24; 21; 0; 1; 533; 
30; 11; 0; 1; 675; 
13; 1; 0; 1; 709; 
10; 29; 0; 1; 309; 
17; 4; 0; 1; 129; 
30; 8; 0; 1; 93; 
26; 26; 0; 1; 590; 
6; 14; 0; 1; 373; 
18; 16; 0; 1; 347; 
9; 20; 0; 1; 323; 
23; 7; 0; 1; 190; 
9; 21; 0; 1; 178; 
4; 14; 0; 1; 758; 
29; 28; 0; 1; 604; 
25; 8; 0; 1; 600; 
3; 27; 0; 1; 211; 
7; 30; 0; 1; 245; 
26; 16; 0; 1; 250; 
19; 1; 0; 1; 289; 
18; 6; 0; 1; 458; 
1; 22; 0; 1; 419; 
10; 3; 0; 1; 731; 
13; 1; 0; 1; 536; 
27; 26; 0; 1; 187; 
25; 25; 0; 1; 343; 
21; 18; 0; 1; 464; 
4; 1; 0; 1; 367; 
4; 2; 0; 1; 155; 
7; 11; 0; 1; 178; 
21; 4; 0; 1; 439; 
2; 3; 0; 1; 157; 
9; 8; 0; 1; 684; 
18; 19; 0; 1; 62; 
14; 3; 0; 1; 250; 
3; 19; 0; 1; 201; 
5; 8; 0; 1; 545; 
20; 21; 0; 1; 273; 
13; 17; 0; 1; 529; 
26; 2; 0; 1; 695; 
21; 6; 0; 1; 580; 
20; 11; 0; 1; 319; 
10; 24; 0; 1; 340; 
12; 3; 0; 1; 492; 
2; 4; 0; 1; 597; 
11; 26; 0; 1; 30; 
20; 24; 0; 1; 281; 
25; 12; 0; 1; 464; 
23; 16; 0; 1; 206; 
14; 12; 0; 1; 249; 
4; 20; 0; 1; 749; 
30; 30; 0; 1; 667; 
28; 26; 0; 1; 348; 
16; 10; 0; 1; 303; 
11; 4; 0; 1; 491; 
13; 8; 0; 1; 22; 
13; 1; 0; 1; 17; 
3; 3; 0; 1; 57; 
22; 22; 0; 1; 424; 
2; 17; 0; 1; 431; 
8; 12; 0; 1; 741; 
22; 27; 0; 1; 520; 
17; 14; 0; 1; 192; 
23; 23; 0; 1; 677; 
22; 7; 0; 1; 90; 
16; 14; 0; 1; 536; 
28; 13; 0; 1; 785; 
19; 20; 0; 1; 156; 
28; 29; 0; 1; 243; 
0; 0; 767; 10; 
1; 0; 1202; 14; 
2; 0; 1120; 13; 
3; 0; 657; 11; 
4; 0; 860; 6; 
5; 0; 133; 14; 
6; 0; 681; 5; 
7; 0; 1310; 12; 
8; 0; 142; 11; 
9; 0; 1098; 8; 
10; 0; 1255; 8; 
11; 0; 598; 8; 
12; 0; 167; 6; 
13; 0; 1458; 7; 
14; 0; 751; 14; 
15; 0; 704; 6; 
16; 0; 94; 6; 
17; 0; 1064; 6; 
18; 0; 1029; 6; 
19; 0; 420; 5; 
20; 0; 882; 11; 
21; 0; 872; 7; 
22; 0; 92; 10; 
23; 0; 1080; 5; 
24; 0; 583; 7; 
*** EOF ***