**** 10 ****
100
13; 8; 0; 1; 538; 
28; 25; 0; 1; 169; 
5; 29; 0; 1; 791; 
6; 20; 0; 1; 391; 
9; 11; 0; 1; 321; 
15; 23; 0; 1; 100; 
14; 27; 0; 1; 31; 
26; 14; 0; 1; 270; 
27; 5; 0; 1; 361; 
19; 1; 0; 1; 644; 
6; 25; 0; 1; 808; 
29; 15; 0; 1; 321; 
8; 13; 0; 1; 553; 
17; 10; 0; 1; 83; 
3; 24; 0; 1; 277; 
19; 22; 0; 1; 582; 
14; 25; 0; 1; 44; 
8; 20; 0; 1; 470; 
22; 19; 0; 1; 477; 
11; 15; 0; 1; 223; 
27; 5; 0; 1; 174; 
28; 8; 0; 1; 413; 
28; 10; 0; 1; 260; 
1; 8; 0; 1; 564; 
18; 19; 0; 1; 440; 
13; 19; 0; 1; 311; 
22; 2; 0; 1; 524; 
21; 28; 0; 1; 884; 
7; 15; 0; 1; 707; 
26; 30; 0; 1; 152; 
5; 5; 0; 1; 742; 
22; 16; 0; 1; 118; 
24; 2; 0; 1; 776; 
29; 6; 0; 1; 280; 
29; 3; 0; 1; 807; 
15; 3; 0; 1; 147; 
5; 28; 0; 1; 365; 
18; 11; 0; 1; 150; 
10; 10; 0; 1; 302; 
24; 4; 0; 1; 565; 
11; 4; 0; 1; 816; 
15; 17; 0; 1; 481; 
23; 1; 0; 1; 656; 
18; 1; 0; 1; 158; 
23; 23; 0; 1; 680; 
17; 23; 0; 1; 515; 
15; 8; 0; 1; 647; 
5; 15; 0; 1; 467; 
11; 8; 0; 1; 705; 
30; 3; 0; 1; 611; 
26; 28; 0; 1; 809; 
12; 8; 0; 1; 256; 
20; 28; 0; 1; 250; 
28; 2; 0; 1; 549; 
18; 10; 0; 1; 545; 
24; 21; 0; 1; 699; 
29; 4; 0; 1; 571; 
26; 13; 0; 1; 333; 
23; 17; 0; 1; 128; 
28; 20; 0; 1; 609; 
29; 9; 0; 1; 786; 
12; 26; 0; 1; 512; 
7; 24; 0; 1; 45; 
22; 1; 0; 1; 820; 
4; 13; 0; 1; 78; 
17; 16; 0; 1; 113; 
5; 16; 0; 1; 408; 
4; 6; 0; 1; 379; 
16; 29; 0; 1; 317; 
25; 26; 0; 1; 764; 
19; 20; 0; 1; 821; 
8; 7; 0; 1; 459; 
25; 29; 0; 1; 224; 
20; 17; 0; 1; 306; 
30; 15; 0; 1; 369; 
4; 16; 0; 1; 400; 
17; 1; 0; 1; 29; 
9; 19; 0; 1; 192; 
3; 10; 0; 1; 850; 
24; 2; 0; 1; 160; 
22; 10; 0; 1; 5; 
28; 5; 0; 1; 857; 
14; 6; 0; 1; 47; 
24; 1; 0; 1; 468; 
23; 20; 0; 1; 565; 
30; 1; 0; 1; 726; 
22; 21; 0; 1; 503; 
28; 15; 0; 1; 622; 
28; 21; 0; 1; 641; 
20; 15; 0; 1; 97; 
23; 26; 0; 1; 411; 
13; 2; 0; 1; 774; 
5; 4; 0; 1; 177; 
29; 22; 0; 1; 448; 
21; 4; 0; 1; 212; 
24; 21; 0; 1; 441; 
29; 23; 0; 1; 540; 
21; 2; 0; 1; 516; 
3; 16; 0; 1; 132; 
5; 27; 0; 1; 767; 
0; 0; 1446; 14; 
1; 0; 1418; 6; 
2; 0; 395; 5; 
3; 0; 765; 12; 
4; 0; 1578; 12; 
5; 0; 644; 7; 
6; 0; 1327; 14; 
7; 0; 834; 14; 
8; 0; 87; 14; 
9; 0; 931; 7; 
10; 0; 296; 13; 
11; 0; 1682; 7; 
12; 0; 1010; 7; 
13; 0; 1430; 7; 
14; 0; 1517; 13; 
15; 0; 508; 13; 
16; 0; 149; 13; 
17; 0; 786; 8; 
18; 0; 1144; 8; 
19; 0; 378; 14; 
20; 0; 1663; 7; 
21; 0; 1431; 7; 
22; 0; 39; 7; 
23; 0; 1697; 8; 
24; 0; 236; 11; 
*** EOF ***