**** 11 ****
100
8; 24; 0; 1; 325; 
14; 1; 0; 1; 259; 
13; 23; 0; 1; 195; 
15; 12; 0; 1; 203; 
26; 8; 0; 1; 370; 
17; 23; 0; 1; 255; 
26; 22; 0; 1; 513; 
22; 14; 0; 1; 162; 
14; 29; 0; 1; 112; 
15; 16; 0; 1; 470; 
8; 21; 0; 1; 83; 
4; 8; 0; 1; 432; 
15; 26; 0; 1; 704; 
16; 13; 0; 1; 152; 
18; 5; 0; 1; 407; 
16; 11; 0; 1; 289; 
27; 25; 0; 1; 115; 
29; 8; 0; 1; 103; 
13; 23; 0; 1; 571; 
17; 9; 0; 1; 387; 
20; 30; 0; 1; 375; 
10; 25; 0; 1; 194; 
10; 19; 0; 1; 428; 
28; 28; 0; 1; 273; 
27; 9; 0; 1; 648; 
19; 22; 0; 1; 596; 
18; 26; 0; 1; 387; 
19; 2; 0; 1; 95; 
3; 14; 0; 1; 660; 
19; 6; 0; 1; 731; 
8; 18; 0; 1; 532; 
1; 23; 0; 1; 195; 
8; 6; 0; 1; 586; 
30; 30; 0; 1; 515; 
2; 22; 0; 1; 77; 
16; 15; 0; 1; 671; 
24; 15; 0; 1; 233; 
14; 22; 0; 1; 226; 
7; 5; 0; 1; 405; 
22; 11; 0; 1; 688; 
24; 30; 0; 1; 121; 
8; 25; 0; 1; 221; 
4; 22; 0; 1; 527; 
15; 29; 0; 1; 265; 
18; 27; 0; 1; 477; 
6; 14; 0; 1; 657; 
12; 18; 0; 1; 328; 
9; 23; 0; 1; 444; 
8; 9; 0; 1; 307; 
16; 17; 0; 1; 610; 
8; 21; 0; 1; 467; 
22; 20; 0; 1; 542; 
1; 26; 0; 1; 268; 
1; 21; 0; 1; 329; 
10; 22; 0; 1; 164; 
17; 10; 0; 1; 426; 
6; 1; 0; 1; 726; 
20; 25; 0; 1; 190; 
4; 23; 0; 1; 377; 
7; 21; 0; 1; 662; 
19; 28; 0; 1; 92; 
27; 9; 0; 1; 501; 
11; 25; 0; 1; 638; 
27; 16; 0; 1; 146; 
21; 13; 0; 1; 325; 
5; 14; 0; 1; 551; 
21; 3; 0; 1; 463; 
6; 9; 0; 1; 489; 
19; 8; 0; 1; 587; 
3; 28; 0; 1; 740; 
19; 10; 0; 1; 603; 
10; 1; 0; 1; 498; 
11; 2; 0; 1; 583; 
13; 29; 0; 1; 74; 
18; 16; 0; 1; 393; 
24; 9; 0; 1; 423; 
3; 4; 0; 1; 426; 
9; 7; 0; 1; 644; 
27; 19; 0; 1; 183; 
28; 15; 0; 1; 57; 
15; 30; 0; 1; 120; 
10; 14; 0; 1; 178; 
14; 6; 0; 1; 273; 
17; 27; 0; 1; 254; 
27; 28; 0; 1; 166; 
15; 9; 0; 1; 378; 
8; 27; 0; 1; 748; 
15; 14; 0; 1; 668; 
18; 18; 0; 1; 136; 
10; 2; 0; 1; 731; 
11; 21; 0; 1; 115; 
25; 8; 0; 1; 535; 
7; 28; 0; 1; 438; 
4; 15; 0; 1; 536; 
30; 8; 0; 1; 7; 
29; 30; 0; 1; 105; 
27; 14; 0; 1; 317; 
17; 22; 0; 1; 584; 
3; 20; 0; 1; 585; 
24; 14; 0; 1; 541; 
0; 0; 1081; 9; 
1; 0; 1106; 14; 
2; 0; 307; 12; 
3; 0; 608; 9; 
4; 0; 711; 11; 
5; 0; 1223; 9; 
6; 0; 280; 8; 
7; 0; 790; 11; 
8; 0; 1406; 7; 
9; 0; 1325; 6; 
10; 0; 965; 5; 
11; 0; 1277; 10; 
12; 0; 841; 12; 
13; 0; 531; 6; 
14; 0; 848; 13; 
15; 0; 1418; 12; 
16; 0; 786; 8; 
17; 0; 421; 7; 
18; 0; 1212; 10; 
19; 0; 199; 14; 
20; 0; 1118; 8; 
21; 0; 229; 11; 
22; 0; 304; 7; 
23; 0; 550; 12; 
24; 0; 1120; 11; 
*** EOF ***