**** 12 ****
100
21; 10; 0; 1; 693; 
30; 14; 0; 1; 715; 
1; 20; 0; 1; 316; 
15; 29; 0; 1; 627; 
21; 19; 0; 1; 122; 
16; 4; 0; 1; 356; 
18; 23; 0; 1; 401; 
13; 5; 0; 1; 493; 
20; 23; 0; 1; 427; 
28; 6; 0; 1; 659; 
28; 18; 0; 1; 519; 
17; 15; 0; 1; 284; 
14; 3; 0; 1; 670; 
15; 14; 0; 1; 118; 
13; 20; 0; 1; 696; 
22; 9; 0; 1; 757; 
12; 23; 0; 1; 362; 
1; 28; 0; 1; 551; 
6; 22; 0; 1; 108; 
25; 22; 0; 1; 405; 
24; 1; 0; 1; 50; 
4; 3; 0; 1; 633; 
21; 13; 0; 1; 211; 
17; 1; 0; 1; 320; 
23; 27; 0; 1; 682; 
13; 18; 0; 1; 231; 
15; 25; 0; 1; 637; 
10; 10; 0; 1; 747; 
20; 17; 0; 1; 213; 
26; 26; 0; 1; 246; 
15; 30; 0; 1; 384; 
28; 27; 0; 1; 397; 
21; 1; 0; 1; 649; 
28; 15; 0; 1; 124; 
19; 18; 0; 1; 648; 
15; 7; 0; 1; 367; 
26; 4; 0; 1; 551; 
7; 5; 0; 1; 433; 
6; 2; 0; 1; 701; 
8; 30; 0; 1; 637; 
29; 29; 0; 1; 564; 
5; 11; 0; 1; 498; 
22; 10; 0; 1; 305; 
6; 7; 0; 1; 348; 
25; 11; 0; 1; 718; 
3; 14; 0; 1; 614; 
17; 30; 0; 1; 648; 
12; 12; 0; 1; 66; 
2; 23; 0; 1; 538; 
5; 23; 0; 1; 96; 
18; 13; 0; 1; 545; 
30; 15; 0; 1; 509; 
24; 7; 0; 1; 658; 
2; 30; 0; 1; 462; 
10; 3; 0; 1; 307; 
3; 11; 0; 1; 101; 
11; 25; 0; 1; 705; 
5; 17; 0; 1; 475; 
24; 16; 0; 1; 48; 
11; 17; 0; 1; 140; 
27; 14; 0; 1; 711; 
20; 11; 0; 1; 359; 
27; 3; 0; 1; 429; 
12; 28; 0; 1; 482; 
17; 19; 0; 1; 420; 
13; 30; 0; 1; 308; 
28; 1; 0; 1; 96; 
8; 12; 0; 1; 99; 
11; 9; 0; 1; 12; 
22; 1; 0; 1; 544; 
19; 3; 0; 1; 751; 
22; 10; 0; 1; 31; 
19; 5; 0; 1; 433; 
29; 18; 0; 1; 47; 
15; 23; 0; 1; 167; 
16; 25; 0; 1; 196; 
21; 9; 0; 1; 322; 
21; 25; 0; 1; 545; 
3; 15; 0; 1; 682; 
17; 9; 0; 1; 442; 
1; 2; 0; 1; 86; 
1; 30; 0; 1; 180; 
27; 24; 0; 1; 13; 
22; 25; 0; 1; 111; 
13; 1; 0; 1; 679; 
6; 15; 0; 1; 357; 
23; 28; 0; 1; 570; 
23; 6; 0; 1; 51; 
4; 29; 0; 1; 484; 
10; 26; 0; 1; 700; 
19; 7; 0; 1; 561; 
15; 17; 0; 1; 542; 
15; 29; 0; 1; 684; 
2; 29; 0; 1; 472; 
25; 18; 0; 1; 653; 
26; 19; 0; 1; 549; 
1; 23; 0; 1; 430; 
25; 15; 0; 1; 424; 
17; 22; 0; 1; 64; 
2; 15; 0; 1; 143; 
0; 0; 1348; 12; 
1; 0; 1140; 9; 
2; 0; 1010; 8; 
3; 0; 1109; 8; 
4; 0; 150; 9; 
5; 0; 269; 11; 
6; 0; 236; 7; 
7; 0; 79; 10; 
8; 0; 535; 9; 
9; 0; 150; 11; 
10; 0; 184; 10; 
11; 0; 615; 9; 
12; 0; 1123; 8; 
13; 0; 1039; 10; 
14; 0; 558; 11; 
15; 0; 1478; 13; 
16; 0; 1299; 6; 
17; 0; 1358; 7; 
18; 0; 160; 8; 
19; 0; 286; 6; 
20; 0; 1458; 7; 
21; 0; 1234; 10; 
22; 0; 1406; 12; 
23; 0; 460; 7; 
24; 0; 139; 7; 
*** EOF ***