**** 13 ****
100
12; 18; 0; 1; 804; 
17; 12; 0; 1; 175; 
22; 13; 0; 1; 396; 
10; 23; 0; 1; 701; 
19; 12; 0; 1; 499; 
25; 1; 0; 1; 350; 
3; 6; 0; 1; 208; 
15; 29; 0; 1; 170; 
3; 10; 0; 1; 249; 
25; 24; 0; 1; 697; 
7; 2; 0; 1; 636; 
4; 2; 0; 1; 478; 
15; 2; 0; 1; 439; 
10; 13; 0; 1; 809; 
10; 22; 0; 1; 197; 
18; 8; 0; 1; 281; 
22; 4; 0; 1; 657; 
14; 15; 0; 1; 176; 
4; 19; 0; 1; 39; 
7; 29; 0; 1; 540; 
18; 23; 0; 1; 288; 
8; 15; 0; 1; 741; 
20; 6; 0; 1; 160; 
7; 8; 0; 1; 151; 
6; 19; 0; 1; 490; 
4; 18; 0; 1; 504; 
23; 13; 0; 1; 176; 
30; 1; 0; 1; 818; 
21; 28; 0; 1; 38; 
17; 27; 0; 1; 262; 
17; 8; 0; 1; 831; 
10; 8; 0; 1; 403; 
16; 12; 0; 1; 789; 
24; 7; 0; 1; 211; 
19; 1; 0; 1; 539; 
20; 5; 0; 1; 141; 
4; 29; 0; 1; 385; 
8; 12; 0; 1; 704; 
18; 9; 0; 1; 517; 
18; 11; 0; 1; 595; 
15; 17; 0; 1; 340; 
28; 25; 0; 1; 105; 
26; 17; 0; 1; 19; 
2; 17; 0; 1; 843; 
20; 20; 0; 1; 192; 
30; 29; 0; 1; 79; 
28; 6; 0; 1; 136; 
4; 12; 0; 1; 23; 
29; 26; 0; 1; 607; 
3; 24; 0; 1; 776; 
1; 26; 0; 1; 233; 
15; 1; 0; 1; 669; 
25; 6; 0; 1; 562; 
1; 11; 0; 1; 140; 
6; 27; 0; 1; 337; 
26; 18; 0; 1; 51; 
30; 8; 0; 1; 361; 
25; 12; 0; 1; 264; 
30; 2; 0; 1; 280; 
2; 24; 0; 1; 297; 
28; 19; 0; 1; 6; 
24; 12; 0; 1; 610; 
2; 3; 0; 1; 196; 
30; 4; 0; 1; 596; 
28; 3; 0; 1; 654; 
22; 9; 0; 1; 55; 
22; 27; 0; 1; 545; 
22; 3; 0; 1; 448; 
16; 3; 0; 1; 812; 
27; 3; 0; 1; 1; 
27; 9; 0; 1; 594; 
9; 3; 0; 1; 534; 
22; 24; 0; 1; 491; 
22; 20; 0; 1; 330; 
17; 12; 0; 1; 741; 
24; 14; 0; 1; 281; 
16; 21; 0; 1; 149; 
27; 13; 0; 1; 842; 
23; 25; 0; 1; 268; 
26; 23; 0; 1; 714; 
30; 26; 0; 1; 383; 
14; 28; 0; 1; 89; 
17; 13; 0; 1; 655; 
21; 1; 0; 1; 612; 
22; 7; 0; 1; 5; 
24; 1; 0; 1; 484; 
17; 21; 0; 1; 616; 
1; 9; 0; 1; 182; 
12; 25; 0; 1; 778; 
28; 18; 0; 1; 734; 
6; 8; 0; 1; 553; 
9; 9; 0; 1; 164; 
16; 14; 0; 1; 827; 
19; 1; 0; 1; 448; 
18; 28; 0; 1; 684; 
20; 28; 0; 1; 636; 
22; 23; 0; 1; 437; 
17; 4; 0; 1; 335; 
16; 21; 0; 1; 655; 
10; 21; 0; 1; 725; 
0; 0; 539; 6; 
1; 0; 843; 10; 
2; 0; 500; 10; 
3; 0; 745; 9; 
4; 0; 747; 7; 
5; 0; 1206; 6; 
6; 0; 1210; 14; 
7; 0; 49; 10; 
8; 0; 1333; 6; 
9; 0; 1072; 14; 
10; 0; 251; 11; 
11; 0; 569; 6; 
12; 0; 57; 10; 
13; 0; 1095; 10; 
14; 0; 522; 11; 
15; 0; 139; 5; 
16; 0; 730; 10; 
17; 0; 209; 7; 
18; 0; 1552; 5; 
19; 0; 1147; 7; 
20; 0; 1352; 8; 
21; 0; 390; 6; 
22; 0; 1; 11; 
23; 0; 921; 9; 
24; 0; 1584; 10; 
*** EOF ***