**** 14 ****
100
9; 4; 0; 1; 80; 
3; 10; 0; 1; 338; 
8; 11; 0; 1; 102; 
30; 12; 0; 1; 377; 
4; 7; 0; 1; 51; 
19; 28; 0; 1; 682; 
9; 13; 0; 1; 229; 
19; 3; 0; 1; 221; 
13; 2; 0; 1; 635; 
17; 19; 0; 1; 671; 
18; 12; 0; 1; 105; 
19; 18; 0; 1; 465; 
6; 8; 0; 1; 210; 
16; 14; 0; 1; 743; 
6; 13; 0; 1; 106; 
30; 11; 0; 1; 50; 
17; 20; 0; 1; 50; 
12; 13; 0; 1; 165; 
11; 11; 0; 1; 91; 
15; 8; 0; 1; 46; 
21; 25; 0; 1; 55; 
22; 10; 0; 1; 96; 
10; 19; 0; 1; 396; 
5; 6; 0; 1; 611; 
22; 17; 0; 1; 464; 
2; 11; 0; 1; 659; 
20; 10; 0; 1; 292; 
25; 9; 0; 1; 192; 
4; 12; 0; 1; 171; 
14; 18; 0; 1; 190; 
3; 23; 0; 1; 731; 
20; 26; 0; 1; 386; 
19; 25; 0; 1; 606; 
25; 26; 0; 1; 97; 
10; 4; 0; 1; 248; 
27; 1; 0; 1; 244; 
13; 27; 0; 1; 759; 
8; 2; 0; 1; 142; 
5; 8; 0; 1; 743; 
23; 4; 0; 1; 209; 
20; 23; 0; 1; 617; 
12; 20; 0; 1; 2; 
11; 30; 0; 1; 285; 
3; 21; 0; 1; 377; 
5; 16; 0; 1; 549; 
30; 30; 0; 1; 405; 
22; 27; 0; 1; 609; 
13; 26; 0; 1; 545; 
27; 2; 0; 1; 235; 
21; 22; 0; 1; 283; 
28; 10; 0; 1; 590; 
17; 21; 0; 1; 523; 
27; 24; 0; 1; 160; 
12; 3; 0; 1; 406; 
4; 19; 0; 1; 627; 
19; 12; 0; 1; 20; 
19; 11; 0; 1; 170; 
20; 22; 0; 1; 310; 
10; 30; 0; 1; 298; 
25; 3; 0; 1; 585; 
3; 8; 0; 1; 369; 
21; 6; 0; 1; 155; 
6; 26; 0; 1; 461; 
19; 17; 0; 1; 391; 
23; 27; 0; 1; 542; 
24; 23; 0; 1; 696; 
20; 29; 0; 1; 296; 
4; 11; 0; 1; 646; 
4; 10; 0; 1; 491; 
11; 24; 0; 1; 457; 
19; 26; 0; 1; 168; 
9; 15; 0; 1; 375; 
21; 19; 0; 1; 136; 
2; 8; 0; 1; 611; 
7; 3; 0; 1; 29; 
13; 21; 0; 1; 170; 
25; 24; 0; 1; 686; 
13; 29; 0; 1; 747; 
11; 6; 0; 1; 749; 
18; 7; 0; 1; 315; 
7; 25; 0; 1; 63; 
26; 10; 0; 1; 645; 
6; 26; 0; 1; 224; 
24; 27; 0; 1; 10; 
20; 18; 0; 1; 30; 
13; 9; 0; 1; 297; 
21; 25; 0; 1; 109; 
24; 3; 0; 1; 46; 
22; 2; 0; 1; 397; 
15; 11; 0; 1; 390; 
28; 29; 0; 1; 535; 
30; 28; 0; 1; 758; 
3; 1; 0; 1; 95; 
18; 12; 0; 1; 607; 
1; 17; 0; 1; 438; 
20; 23; 0; 1; 594; 
24; 4; 0; 1; 364; 
23; 28; 0; 1; 226; 
23; 25; 0; 1; 13; 
5; 1; 0; 1; 658; 
0; 0; 1170; 5; 
1; 0; 554; 6; 
2; 0; 757; 11; 
3; 0; 996; 8; 
4; 0; 530; 6; 
5; 0; 1455; 8; 
6; 0; 133; 5; 
7; 0; 1146; 14; 
8; 0; 1155; 13; 
9; 0; 369; 5; 
10; 0; 864; 8; 
11; 0; 101; 8; 
12; 0; 1484; 12; 
13; 0; 641; 5; 
14; 0; 773; 14; 
15; 0; 77; 8; 
16; 0; 493; 5; 
17; 0; 908; 10; 
18; 0; 177; 11; 
19; 0; 152; 13; 
20; 0; 1513; 13; 
21; 0; 376; 12; 
22; 0; 524; 7; 
23; 0; 836; 7; 
24; 0; 480; 8; 
*** EOF ***