**** 15 ****
100
3; 25; 0; 1; 611; 
18; 2; 0; 1; 214; 
15; 13; 0; 1; 586; 
18; 1; 0; 1; 671; 
1; 14; 0; 1; 6; 
30; 7; 0; 1; 406; 
19; 22; 0; 1; 269; 
20; 4; 0; 1; 150; 
25; 20; 0; 1; 682; 
22; 27; 0; 1; 123; 
4; 11; 0; 1; 126; 
10; 22; 0; 1; 445; 
4; 2; 0; 1; 400; 
8; 21; 0; 1; 648; 
24; 29; 0; 1; 431; 
17; 7; 0; 1; 352; 
24; 30; 0; 1; 490; 
27; 4; 0; 1; 31; 
21; 29; 0; 1; 616; 
28; 27; 0; 1; 96; 
17; 6; 0; 1; 799; 
29; 24; 0; 1; 474; 
15; 26; 0; 1; 314; 
14; 4; 0; 1; 721; 
24; 28; 0; 1; 567; 
8; 29; 0; 1; 499; 
13; 16; 0; 1; 610; 
18; 6; 0; 1; 206; 
20; 18; 0; 1; 520; 
3; 15; 0; 1; 652; 
30; 26; 0; 1; 749; 
5; 20; 0; 1; 109; 
15; 12; 0; 1; 611; 
30; 25; 0; 1; 579; 
22; 7; 0; 1; 394; 
23; 5; 0; 1; 316; 
11; 17; 0; 1; 86; 
26; 29; 0; 1; 237; 
10; 28; 0; 1; 577; 
11; 25; 0; 1; 266; 
30; 18; 0; 1; 39; 
24; 30; 0; 1; 556; 
4; 9; 0; 1; 182; 
1; 10; 0; 1; 707; 
11; 30; 0; 1; 689; 
1; 7; 0; 1; 99; 
6; 28; 0; 1; 321; 
24; 9; 0; 1; 203; 
21; 6; 0; 1; 278; 
24; 21; 0; 1; 262; 
9; 18; 0; 1; 709; 
18; 6; 0; 1; 636; 
12; 28; 0; 1; 314; 
21; 17; 0; 1; 134; 
22; 7; 0; 1; 187; 
23; 3; 0; 1; 139; 
6; 2; 0; 1; 495; 
6; 13; 0; 1; 442; 
15; 12; 0; 1; 426; 
8; 4; 0; 1; 732; 
25; 20; 0; 1; 490; 
13; 28; 0; 1; 481; 
18; 25; 0; 1; 573; 
7; 22; 0; 1; 502; 
10; 22; 0; 1; 682; 
16; 10; 0; 1; 500; 
25; 9; 0; 1; 250; 
7; 2; 0; 1; 128; 
30; 24; 0; 1; 40; 
17; 18; 0; 1; 97; 
3; 10; 0; 1; 642; 
3; 24; 0; 1; 35; 
18; 21; 0; 1; 15; 
25; 25; 0; 1; 649; 
14; 10; 0; 1; 2; 
29; 24; 0; 1; 178; 
6; 5; 0; 1; 690; 
21; 12; 0; 1; 99; 
1; 10; 0; 1; 573; 
29; 6; 0; 1; 403; 
24; 9; 0; 1; 740; 
6; 27; 0; 1; 570; 
5; 9; 0; 1; 684; 
11; 21; 0; 1; 489; 
11; 13; 0; 1; 680; 
22; 30; 0; 1; 689; 
10; 28; 0; 1; 147; 
27; 25; 0; 1; 59; 
22; 30; 0; 1; 765; 
26; 9; 0; 1; 31; 
27; 11; 0; 1; 296; 
19; 6; 0; 1; 356; 
20; 19; 0; 1; 141; 
6; 7; 0; 1; 526; 
17; 11; 0; 1; 355; 
22; 19; 0; 1; 245; 
13; 4; 0; 1; 387; 
11; 30; 0; 1; 421; 
28; 17; 0; 1; 541; 
4; 8; 0; 1; 352; 
0; 0; 199; 9; 
1; 0; 1532; 9; 
2; 0; 720; 12; 
3; 0; 1533; 6; 
4; 0; 1262; 7; 
5; 0; 1058; 12; 
6; 0; 917; 8; 
7; 0; 980; 6; 
8; 0; 37; 7; 
9; 0; 201; 8; 
10; 0; 608; 12; 
11; 0; 195; 11; 
12; 0; 131; 6; 
13; 0; 1117; 10; 
14; 0; 198; 10; 
15; 0; 435; 11; 
16; 0; 918; 9; 
17; 0; 1550; 7; 
18; 0; 897; 11; 
19; 0; 1600; 6; 
20; 0; 1368; 8; 
21; 0; 1413; 7; 
22; 0; 695; 11; 
23; 0; 593; 12; 
24; 0; 1067; 9; 
*** EOF ***