**** 16 ****
100
13; 10; 0; 1; 264; 
23; 14; 0; 1; 670; 
3; 14; 0; 1; 505; 
11; 24; 0; 1; 319; 
9; 23; 0; 1; 575; 
13; 22; 0; 1; 552; 
3; 13; 0; 1; 690; 
10; 13; 0; 1; 579; 
18; 30; 0; 1; 639; 
4; 2; 0; 1; 719; 
11; 2; 0; 1; 353; 
7; 24; 0; 1; 738; 
8; 28; 0; 1; 273; 
7; 16; 0; 1; 449; 
13; 26; 0; 1; 222; 
26; 13; 0; 1; 687; 
18; 5; 0; 1; 699; 
20; 21; 0; 1; 288; 
5; 23; 0; 1; 631; 
30; 28; 0; 1; 324; 
17; 6; 0; 1; 285; 
30; 16; 0; 1; 303; 
10; 11; 0; 1; 359; 
8; 7; 0; 1; 525; 
30; 23; 0; 1; 743; 
4; 16; 0; 1; 598; 
17; 27; 0; 1; 40; 
25; 14; 0; 1; 207; 
5; 28; 0; 1; 661; 
2; 20; 0; 1; 46; 
11; 25; 0; 1; 663; 
11; 17; 0; 1; 484; 
5; 24; 0; 1; 328; 
8; 5; 0; 1; 110; 
6; 4; 0; 1; 57; 
19; 21; 0; 1; 337; 
30; 24; 0; 1; 329; 
21; 22; 0; 1; 476; 
12; 4; 0; 1; 140; 
30; 28; 0; 1; 373; 
21; 19; 0; 1; 603; 
20; 24; 0; 1; 538; 
7; 17; 0; 1; 458; 
5; 25; 0; 1; 37; 
3; 6; 0; 1; 204; 
8; 22; 0; 1; 726; 
19; 5; 0; 1; 702; 
3; 8; 0; 1; 382; 
26; 15; 0; 1; 392; 
12; 7; 0; 1; 132; 
20; 7; 0; 1; 413; 
21; 11; 0; 1; 392; 
28; 20; 0; 1; 492; 
18; 6; 0; 1; 739; 
18; 5; 0; 1; 54; 
16; 5; 0; 1; 543; 
16; 6; 0; 1; 204; 
28; 29; 0; 1; 64; 
27; 17; 0; 1; 178; 
28; 18; 0; 1; 717; 
13; 19; 0; 1; 733; 
21; 13; 0; 1; 444; 
22; 15; 0; 1; 368; 
6; 22; 0; 1; 91; 
2; 8; 0; 1; 495; 
30; 19; 0; 1; 237; 
1; 26; 0; 1; 30; 
28; 16; 0; 1; 326; 
6; 11; 0; 1; 400; 
23; 1; 0; 1; 196; 
27; 6; 0; 1; 380; 
9; 8; 0; 1; 396; 
5; 4; 0; 1; 29; 
17; 8; 0; 1; 150; 
8; 12; 0; 1; 522; 
19; 21; 0; 1; 464; 
13; 21; 0; 1; 723; 
4; 7; 0; 1; 736; 
18; 21; 0; 1; 738; 
9; 28; 0; 1; 591; 
28; 27; 0; 1; 717; 
5; 2; 0; 1; 1; 
4; 15; 0; 1; 314; 
26; 25; 0; 1; 271; 
20; 1; 0; 1; 435; 
24; 30; 0; 1; 497; 
14; 27; 0; 1; 280; 
15; 19; 0; 1; 630; 
13; 6; 0; 1; 442; 
11; 6; 0; 1; 420; 
12; 11; 0; 1; 265; 
4; 9; 0; 1; 503; 
25; 14; 0; 1; 408; 
14; 11; 0; 1; 132; 
20; 12; 0; 1; 442; 
22; 27; 0; 1; 107; 
24; 24; 0; 1; 676; 
3; 20; 0; 1; 184; 
4; 16; 0; 1; 533; 
28; 14; 0; 1; 438; 
0; 0; 942; 10; 
1; 0; 1031; 14; 
2; 0; 1454; 9; 
3; 0; 416; 9; 
4; 0; 571; 10; 
5; 0; 57; 6; 
6; 0; 671; 11; 
7; 0; 773; 9; 
8; 0; 649; 12; 
9; 0; 73; 10; 
10; 0; 206; 10; 
11; 0; 1002; 9; 
12; 0; 913; 14; 
13; 0; 1350; 7; 
14; 0; 644; 6; 
15; 0; 994; 14; 
16; 0; 445; 5; 
17; 0; 1237; 5; 
18; 0; 799; 13; 
19; 0; 1479; 14; 
20; 0; 333; 7; 
21; 0; 753; 14; 
22; 0; 537; 14; 
23; 0; 92; 10; 
24; 0; 859; 9; 
*** EOF ***