**** 17 ****
100
25; 3; 0; 1; 142; 
14; 1; 0; 1; 686; 
22; 13; 0; 1; 348; 
25; 3; 0; 1; 745; 
28; 10; 0; 1; 32; 
25; 29; 0; 1; 645; 
11; 5; 0; 1; 457; 
8; 30; 0; 1; 11; 
15; 12; 0; 1; 586; 
6; 15; 0; 1; 92; 
10; 3; 0; 1; 228; 
20; 10; 0; 1; 303; 
5; 24; 0; 1; 383; 
18; 3; 0; 1; 328; 
2; 14; 0; 1; 724; 
4; 2; 0; 1; 370; 
28; 26; 0; 1; 777; 
24; 29; 0; 1; 88; 
12; 7; 0; 1; 591; 
8; 1; 0; 1; 217; 
6; 24; 0; 1; 202; 
17; 19; 0; 1; 528; 
30; 24; 0; 1; 403; 
25; 16; 0; 1; 261; 
11; 29; 0; 1; 61; 
3; 20; 0; 1; 500; 
17; 14; 0; 1; 45; 
24; 12; 0; 1; 704; 
21; 28; 0; 1; 716; 
1; 2; 0; 1; 530; 
6; 10; 0; 1; 566; 
11; 1; 0; 1; 27; 
5; 10; 0; 1; 247; 
19; 22; 0; 1; 39; 
10; 19; 0; 1; 196; 
25; 28; 0; 1; 234; 
29; 12; 0; 1; 439; 
2; 8; 0; 1; 50; 
2; 7; 0; 1; 777; 
3; 14; 0; 1; 654; 
18; 30; 0; 1; 264; 
12; 28; 0; 1; 315; 
6; 19; 0; 1; 520; 
25; 8; 0; 1; 821; 
24; 2; 0; 1; 686; 
9; 5; 0; 1; 337; 
1; 4; 0; 1; 11; 
30; 7; 0; 1; 290; 
9; 8; 0; 1; 376; 
7; 28; 0; 1; 433; 
21; 22; 0; 1; 119; 
30; 5; 0; 1; 50; 
25; 22; 0; 1; 326; 
8; 16; 0; 1; 38; 
3; 17; 0; 1; 641; 
1; 8; 0; 1; 391; 
26; 27; 0; 1; 560; 
21; 1; 0; 1; 742; 
29; 13; 0; 1; 652; 
1; 12; 0; 1; 502; 
26; 11; 0; 1; 639; 
15; 20; 0; 1; 811; 
17; 25; 0; 1; 363; 
26; 7; 0; 1; 415; 
12; 24; 0; 1; 198; 
2; 21; 0; 1; 251; 
8; 19; 0; 1; 355; 
12; 1; 0; 1; 699; 
9; 19; 0; 1; 415; 
24; 13; 0; 1; 177; 
16; 12; 0; 1; 92; 
26; 29; 0; 1; 419; 
22; 17; 0; 1; 474; 
9; 7; 0; 1; 55; 
29; 6; 0; 1; 7; 
9; 6; 0; 1; 537; 
20; 29; 0; 1; 726; 
29; 10; 0; 1; 324; 
17; 6; 0; 1; 670; 
16; 1; 0; 1; 781; 
16; 8; 0; 1; 167; 
17; 9; 0; 1; 215; 
27; 6; 0; 1; 305; 
29; 17; 0; 1; 409; 
25; 15; 0; 1; 754; 
30; 16; 0; 1; 291; 
16; 9; 0; 1; 180; 
26; 23; 0; 1; 467; 
22; 11; 0; 1; 106; 
22; 24; 0; 1; 356; 
1; 22; 0; 1; 432; 
11; 11; 0; 1; 18; 
16; 4; 0; 1; 576; 
25; 15; 0; 1; 155; 
28; 3; 0; 1; 101; 
30; 25; 0; 1; 126; 
19; 10; 0; 1; 90; 
26; 6; 0; 1; 266; 
29; 30; 0; 1; 729; 
17; 25; 0; 1; 407; 
0; 0; 1171; 9; 
1; 0; 1516; 6; 
2; 0; 663; 8; 
3; 0; 693; 13; 
4; 0; 1580; 11; 
5; 0; 791; 8; 
6; 0; 1095; 13; 
7; 0; 1197; 6; 
8; 0; 802; 5; 
9; 0; 550; 9; 
10; 0; 1126; 12; 
11; 0; 996; 5; 
12; 0; 257; 9; 
13; 0; 821; 14; 
14; 0; 776; 10; 
15; 0; 607; 12; 
16; 0; 344; 10; 
17; 0; 681; 14; 
18; 0; 1299; 5; 
19; 0; 550; 9; 
20; 0; 1003; 14; 
21; 0; 1221; 13; 
22; 0; 1412; 9; 
23; 0; 1589; 7; 
24; 0; 712; 7; 
*** EOF ***