**** 18 ****
100
27; 27; 0; 1; 95; 
26; 10; 0; 1; 453; 
27; 22; 0; 1; 352; 
12; 29; 0; 1; 130; 
30; 8; 0; 1; 99; 
3; 16; 0; 1; 107; 
28; 14; 0; 1; 258; 
14; 24; 0; 1; 673; 
27; 28; 0; 1; 642; 
12; 5; 0; 1; 390; 
14; 20; 0; 1; 692; 
22; 14; 0; 1; 389; 
15; 4; 0; 1; 280; 
1; 18; 0; 1; 172; 
6; 4; 0; 1; 751; 
14; 19; 0; 1; 569; 
22; 11; 0; 1; 58; 
22; 16; 0; 1; 469; 
7; 25; 0; 1; 552; 
21; 26; 0; 1; 726; 
22; 26; 0; 1; 100; 
20; 25; 0; 1; 260; 
16; 18; 0; 1; 713; 
6; 18; 0; 1; 145; 
14; 7; 0; 1; 126; 
25; 17; 0; 1; 603; 
21; 13; 0; 1; 465; 
16; 7; 0; 1; 56; 
19; 2; 0; 1; 148; 
21; 29; 0; 1; 417; 
15; 19; 0; 1; 575; 
14; 13; 0; 1; 727; 
9; 3; 0; 1; 201; 
11; 19; 0; 1; 213; 
7; 29; 0; 1; 362; 
21; 6; 0; 1; 420; 
13; 15; 0; 1; 114; 
24; 5; 0; 1; 52; 
27; 14; 0; 1; 617; 
5; 21; 0; 1; 88; 
20; 14; 0; 1; 593; 
11; 8; 0; 1; 215; 
24; 20; 0; 1; 564; 
12; 23; 0; 1; 189; 
21; 13; 0; 1; 426; 
16; 18; 0; 1; 551; 
23; 30; 0; 1; 569; 
2; 17; 0; 1; 393; 
30; 7; 0; 1; 225; 
16; 25; 0; 1; 407; 
6; 10; 0; 1; 667; 
25; 11; 0; 1; 221; 
4; 2; 0; 1; 309; 
11; 20; 0; 1; 12; 
7; 16; 0; 1; 63; 
27; 11; 0; 1; 178; 
20; 15; 0; 1; 576; 
23; 27; 0; 1; 688; 
14; 14; 0; 1; 130; 
22; 18; 0; 1; 579; 
30; 7; 0; 1; 381; 
20; 15; 0; 1; 640; 
2; 12; 0; 1; 688; 
6; 14; 0; 1; 765; 
18; 14; 0; 1; 710; 
22; 4; 0; 1; 659; 
3; 16; 0; 1; 259; 
1; 17; 0; 1; 683; 
22; 27; 0; 1; 104; 
21; 2; 0; 1; 43; 
3; 11; 0; 1; 310; 
16; 11; 0; 1; 376; 
7; 28; 0; 1; 57; 
5; 26; 0; 1; 562; 
18; 26; 0; 1; 683; 
7; 5; 0; 1; 10; 
4; 8; 0; 1; 382; 
16; 14; 0; 1; 219; 
29; 15; 0; 1; 225; 
2; 28; 0; 1; 1; 
1; 22; 0; 1; 752; 
9; 20; 0; 1; 169; 
8; 6; 0; 1; 604; 
21; 1; 0; 1; 195; 
8; 3; 0; 1; 535; 
29; 24; 0; 1; 629; 
21; 22; 0; 1; 685; 
10; 2; 0; 1; 675; 
16; 3; 0; 1; 184; 
11; 2; 0; 1; 215; 
22; 29; 0; 1; 537; 
2; 29; 0; 1; 261; 
16; 11; 0; 1; 706; 
18; 24; 0; 1; 141; 
18; 20; 0; 1; 691; 
16; 14; 0; 1; 382; 
20; 11; 0; 1; 551; 
30; 21; 0; 1; 540; 
27; 26; 0; 1; 529; 
24; 25; 0; 1; 87; 
0; 0; 1548; 9; 
1; 0; 1490; 14; 
2; 0; 560; 6; 
3; 0; 1438; 14; 
4; 0; 517; 7; 
5; 0; 435; 5; 
6; 0; 1117; 6; 
7; 0; 869; 12; 
8; 0; 654; 9; 
9; 0; 1416; 13; 
10; 0; 729; 6; 
11; 0; 590; 14; 
12; 0; 375; 9; 
13; 0; 1064; 9; 
14; 0; 374; 10; 
15; 0; 888; 10; 
16; 0; 1421; 13; 
17; 0; 17; 6; 
18; 0; 224; 9; 
19; 0; 1084; 8; 
20; 0; 185; 14; 
21; 0; 1139; 6; 
22; 0; 260; 12; 
23; 0; 797; 14; 
24; 0; 404; 9; 
*** EOF ***