**** 19 ****
100
3; 25; 0; 1; 432; 
27; 29; 0; 1; 558; 
30; 2; 0; 1; 397; 
2; 15; 0; 1; 287; 
15; 20; 0; 1; 550; 
23; 10; 0; 1; 431; 
2; 10; 0; 1; 547; 
1; 5; 0; 1; 269; 
21; 20; 0; 1; 253; 
25; 11; 0; 1; 460; 
3; 15; 0; 1; 103; 
9; 14; 0; 1; 356; 
18; 21; 0; 1; 707; 
15; 24; 0; 1; 541; 
11; 11; 0; 1; 353; 
30; 5; 0; 1; 281; 
27; 12; 0; 1; 441; 
4; 15; 0; 1; 636; 
28; 7; 0; 1; 197; 
22; 12; 0; 1; 506; 
18; 29; 0; 1; 420; 
1; 14; 0; 1; 134; 
22; 10; 0; 1; 505; 
17; 16; 0; 1; 645; 
18; 23; 0; 1; 577; 
23; 29; 0; 1; 249; 
15; 12; 0; 1; 676; 
4; 9; 0; 1; 406; 
23; 20; 0; 1; 524; 
19; 19; 0; 1; 251; 
6; 23; 0; 1; 678; 
13; 8; 0; 1; 710; 
12; 7; 0; 1; 622; 
30; 14; 0; 1; 700; 
22; 1; 0; 1; 49; 
13; 22; 0; 1; 566; 
27; 26; 0; 1; 349; 
4; 13; 0; 1; 608; 
4; 18; 0; 1; 267; 
6; 7; 0; 1; 565; 
1; 6; 0; 1; 701; 
27; 19; 0; 1; 659; 
12; 11; 0; 1; 424; 
28; 12; 0; 1; 81; 
14; 9; 0; 1; 193; 
6; 15; 0; 1; 306; 
7; 26; 0; 1; 510; 
5; 22; 0; 1; 358; 
9; 2; 0; 1; 589; 
3; 6; 0; 1; 357; 
18; 28; 0; 1; 230; 
29; 21; 0; 1; 449; 
5; 27; 0; 1; 395; 
6; 26; 0; 1; 217; 
8; 27; 0; 1; 464; 
8; 7; 0; 1; 689; 
19; 22; 0; 1; 361; 
11; 29; 0; 1; 465; 
10; 7; 0; 1; 657; 
26; 18; 0; 1; 197; 
10; 24; 0; 1; 253; 
24; 17; 0; 1; 623; 
24; 10; 0; 1; 93; 
13; 27; 0; 1; 74; 
22; 30; 0; 1; 226; 
18; 17; 0; 1; 654; 
24; 1; 0; 1; 474; 
15; 24; 0; 1; 439; 
10; 29; 0; 1; 331; 
12; 3; 0; 1; 213; 
3; 3; 0; 1; 246; 
16; 29; 0; 1; 654; 
5; 9; 0; 1; 162; 
17; 19; 0; 1; 727; 
29; 30; 0; 1; 155; 
7; 18; 0; 1; 318; 
14; 2; 0; 1; 105; 
24; 28; 0; 1; 427; 
8; 15; 0; 1; 627; 
9; 7; 0; 1; 448; 
6; 10; 0; 1; 101; 
14; 30; 0; 1; 319; 
2; 8; 0; 1; 184; 
5; 16; 0; 1; 266; 
27; 25; 0; 1; 89; 
20; 18; 0; 1; 471; 
19; 11; 0; 1; 637; 
19; 21; 0; 1; 373; 
15; 10; 0; 1; 132; 
13; 4; 0; 1; 596; 
28; 11; 0; 1; 547; 
14; 10; 0; 1; 234; 
24; 27; 0; 1; 180; 
8; 2; 0; 1; 364; 
13; 19; 0; 1; 505; 
20; 17; 0; 1; 122; 
30; 21; 0; 1; 107; 
2; 23; 0; 1; 540; 
11; 28; 0; 1; 361; 
12; 30; 0; 1; 133; 
0; 0; 717; 14; 
1; 0; 1037; 13; 
2; 0; 1334; 14; 
3; 0; 867; 7; 
4; 0; 90; 13; 
5; 0; 1453; 13; 
6; 0; 793; 8; 
7; 0; 833; 14; 
8; 0; 768; 6; 
9; 0; 1211; 9; 
10; 0; 343; 14; 
11; 0; 848; 10; 
12; 0; 732; 5; 
13; 0; 425; 12; 
14; 0; 1004; 6; 
15; 0; 1282; 5; 
16; 0; 125; 10; 
17; 0; 695; 10; 
18; 0; 720; 10; 
19; 0; 592; 8; 
20; 0; 148; 6; 
21; 0; 705; 9; 
22; 0; 1174; 7; 
23; 0; 554; 11; 
24; 0; 436; 6; 
*** EOF ***