**** 2 ****
100
5; 27; 0; 1; 545; 
19; 1; 0; 1; 221; 
14; 10; 0; 1; 629; 
22; 25; 0; 1; 529; 
4; 22; 0; 1; 176; 
12; 29; 0; 1; 102; 
4; 8; 0; 1; 624; 
12; 8; 0; 1; 51; 
9; 5; 0; 1; 345; 
5; 25; 0; 1; 551; 
29; 13; 0; 1; 307; 
9; 30; 0; 1; 52; 
23; 13; 0; 1; 515; 
12; 3; 0; 1; 410; 
7; 30; 0; 1; 685; 
25; 7; 0; 1; 669; 
19; 25; 0; 1; 583; 
20; 30; 0; 1; 10; 
20; 23; 0; 1; 605; 
3; 11; 0; 1; 263; 
17; 28; 0; 1; 718; 
12; 13; 0; 1; 745; 
20; 2; 0; 1; 444; 
23; 4; 0; 1; 463; 
11; 25; 0; 1; 441; 
14; 6; 0; 1; 757; 
8; 22; 0; 1; 758; 
25; 16; 0; 1; 452; 
25; 17; 0; 1; 91; 
17; 7; 0; 1; 382; 
19; 8; 0; 1; 24; 
22; 10; 0; 1; 716; 
29; 22; 0; 1; 481; 
5; 26; 0; 1; 263; 
8; 29; 0; 1; 322; 
11; 23; 0; 1; 346; 
15; 22; 0; 1; 6; 
14; 17; 0; 1; 721; 
13; 7; 0; 1; 745; 
16; 25; 0; 1; 306; 
15; 15; 0; 1; 338; 
8; 25; 0; 1; 339; 
10; 21; 0; 1; 185; 
3; 22; 0; 1; 655; 
12; 29; 0; 1; 349; 
30; 3; 0; 1; 232; 
27; 20; 0; 1; 226; 
7; 25; 0; 1; 578; 
18; 18; 0; 1; 718; 
18; 9; 0; 1; 464; 
15; 19; 0; 1; 713; 
2; 22; 0; 1; 354; 
16; 26; 0; 1; 522; 
6; 16; 0; 1; 177; 
15; 7; 0; 1; 269; 
27; 16; 0; 1; 342; 
19; 15; 0; 1; 627; 
22; 28; 0; 1; 552; 
17; 27; 0; 1; 714; 
16; 26; 0; 1; 447; 
28; 6; 0; 1; 247; 
2; 14; 0; 1; 624; 
10; 12; 0; 1; 156; 
15; 29; 0; 1; 305; 
19; 28; 0; 1; 735; 
30; 5; 0; 1; 670; 
11; 28; 0; 1; 630; 
13; 2; 0; 1; 76; 
17; 1; 0; 1; 673; 
13; 21; 0; 1; 591; 
3; 13; 0; 1; 372; 
20; 14; 0; 1; 484; 
8; 29; 0; 1; 207; 
30; 19; 0; 1; 585; 
13; 26; 0; 1; 332; 
17; 26; 0; 1; 2; 
7; 12; 0; 1; 480; 
15; 29; 0; 1; 757; 
16; 6; 0; 1; 165; 
2; 21; 0; 1; 240; 
21; 15; 0; 1; 748; 
7; 17; 0; 1; 432; 
30; 7; 0; 1; 200; 
1; 11; 0; 1; 14; 
26; 13; 0; 1; 500; 
29; 10; 0; 1; 504; 
9; 14; 0; 1; 220; 
10; 21; 0; 1; 247; 
18; 7; 0; 1; 465; 
30; 16; 0; 1; 12; 
16; 15; 0; 1; 471; 
28; 18; 0; 1; 346; 
2; 17; 0; 1; 131; 
15; 20; 0; 1; 735; 
26; 8; 0; 1; 421; 
8; 26; 0; 1; 655; 
12; 28; 0; 1; 356; 
7; 20; 0; 1; 681; 
24; 1; 0; 1; 238; 
11; 8; 0; 1; 345; 
0; 0; 898; 14; 
1; 0; 58; 10; 
2; 0; 1347; 6; 
3; 0; 579; 5; 
4; 0; 165; 10; 
5; 0; 1258; 5; 
6; 0; 1458; 8; 
7; 0; 779; 8; 
8; 0; 1160; 12; 
9; 0; 290; 7; 
10; 0; 248; 11; 
11; 0; 945; 14; 
12; 0; 438; 5; 
13; 0; 921; 11; 
14; 0; 576; 5; 
15; 0; 315; 10; 
16; 0; 1045; 6; 
17; 0; 294; 9; 
18; 0; 1098; 13; 
19; 0; 938; 11; 
20; 0; 496; 7; 
21; 0; 708; 14; 
22; 0; 1063; 12; 
23; 0; 1479; 11; 
24; 0; 79; 6; 
*** EOF ***