**** 20 ****
100
5; 29; 0; 1; 68; 
12; 29; 0; 1; 530; 
3; 6; 0; 1; 677; 
14; 4; 0; 1; 116; 
29; 3; 0; 1; 492; 
1; 2; 0; 1; 17; 
16; 4; 0; 1; 252; 
10; 19; 0; 1; 89; 
30; 10; 0; 1; 731; 
23; 17; 0; 1; 352; 
2; 17; 0; 1; 647; 
18; 13; 0; 1; 19; 
8; 14; 0; 1; 60; 
15; 26; 0; 1; 212; 
2; 7; 0; 1; 650; 
20; 1; 0; 1; 721; 
9; 21; 0; 1; 758; 
4; 4; 0; 1; 94; 
11; 22; 0; 1; 334; 
4; 13; 0; 1; 664; 
20; 25; 0; 1; 639; 
6; 20; 0; 1; 517; 
15; 14; 0; 1; 506; 
21; 29; 0; 1; 397; 
28; 7; 0; 1; 747; 
15; 28; 0; 1; 404; 
27; 19; 0; 1; 489; 
3; 15; 0; 1; 467; 
26; 26; 0; 1; 364; 
30; 18; 0; 1; 642; 
7; 12; 0; 1; 422; 
22; 21; 0; 1; 335; 
28; 26; 0; 1; 794; 
17; 14; 0; 1; 394; 
28; 3; 0; 1; 55; 
27; 17; 0; 1; 127; 
26; 12; 0; 1; 405; 
6; 1; 0; 1; 220; 
4; 15; 0; 1; 469; 
17; 16; 0; 1; 372; 
29; 30; 0; 1; 568; 
3; 15; 0; 1; 443; 
5; 28; 0; 1; 795; 
23; 11; 0; 1; 675; 
5; 21; 0; 1; 255; 
8; 16; 0; 1; 771; 
6; 4; 0; 1; 307; 
24; 10; 0; 1; 297; 
10; 21; 0; 1; 4; 
6; 24; 0; 1; 654; 
27; 13; 0; 1; 119; 
1; 1; 0; 1; 427; 
30; 23; 0; 1; 744; 
21; 13; 0; 1; 454; 
12; 22; 0; 1; 744; 
26; 20; 0; 1; 102; 
23; 16; 0; 1; 788; 
27; 8; 0; 1; 461; 
24; 24; 0; 1; 173; 
18; 20; 0; 1; 419; 
17; 12; 0; 1; 94; 
4; 14; 0; 1; 307; 
11; 28; 0; 1; 551; 
30; 5; 0; 1; 387; 
13; 6; 0; 1; 582; 
30; 5; 0; 1; 8; 
6; 5; 0; 1; 308; 
23; 1; 0; 1; 510; 
8; 11; 0; 1; 768; 
20; 5; 0; 1; 393; 
23; 7; 0; 1; 582; 
18; 29; 0; 1; 190; 
7; 4; 0; 1; 120; 
7; 13; 0; 1; 271; 
8; 3; 0; 1; 302; 
16; 9; 0; 1; 453; 
28; 5; 0; 1; 122; 
15; 29; 0; 1; 192; 
28; 1; 0; 1; 103; 
14; 22; 0; 1; 507; 
12; 19; 0; 1; 563; 
20; 9; 0; 1; 433; 
24; 23; 0; 1; 234; 
3; 8; 0; 1; 456; 
19; 30; 0; 1; 504; 
27; 3; 0; 1; 514; 
25; 18; 0; 1; 655; 
11; 15; 0; 1; 480; 
13; 14; 0; 1; 370; 
16; 24; 0; 1; 625; 
15; 7; 0; 1; 742; 
11; 18; 0; 1; 426; 
22; 24; 0; 1; 215; 
22; 30; 0; 1; 149; 
9; 25; 0; 1; 361; 
10; 22; 0; 1; 632; 
4; 21; 0; 1; 195; 
29; 18; 0; 1; 649; 
13; 28; 0; 1; 284; 
26; 25; 0; 1; 462; 
0; 0; 1069; 9; 
1; 0; 239; 9; 
2; 0; 1221; 6; 
3; 0; 336; 7; 
4; 0; 536; 8; 
5; 0; 1356; 6; 
6; 0; 1483; 14; 
7; 0; 409; 11; 
8; 0; 1413; 12; 
9; 0; 1506; 5; 
10; 0; 46; 12; 
11; 0; 1003; 14; 
12; 0; 1238; 8; 
13; 0; 1267; 6; 
14; 0; 770; 12; 
15; 0; 546; 10; 
16; 0; 785; 10; 
17; 0; 1394; 7; 
18; 0; 1452; 6; 
19; 0; 954; 5; 
20; 0; 556; 7; 
21; 0; 1316; 8; 
22; 0; 1158; 10; 
23; 0; 784; 5; 
24; 0; 1; 13; 
*** EOF ***