**** 21 ****
100
1; 4; 0; 1; 155; 
19; 25; 0; 1; 761; 
25; 21; 0; 1; 468; 
27; 21; 0; 1; 572; 
19; 10; 0; 1; 500; 
27; 4; 0; 1; 535; 
19; 7; 0; 1; 602; 
27; 2; 0; 1; 5; 
12; 23; 0; 1; 257; 
22; 12; 0; 1; 810; 
13; 4; 0; 1; 772; 
11; 16; 0; 1; 220; 
10; 19; 0; 1; 151; 
28; 25; 0; 1; 577; 
22; 18; 0; 1; 314; 
26; 18; 0; 1; 107; 
15; 4; 0; 1; 608; 
25; 23; 0; 1; 552; 
14; 30; 0; 1; 376; 
7; 30; 0; 1; 95; 
3; 23; 0; 1; 249; 
24; 29; 0; 1; 270; 
27; 14; 0; 1; 641; 
2; 11; 0; 1; 300; 
16; 25; 0; 1; 88; 
30; 15; 0; 1; 500; 
24; 15; 0; 1; 352; 
17; 2; 0; 1; 30; 
30; 6; 0; 1; 189; 
17; 12; 0; 1; 738; 
12; 12; 0; 1; 29; 
4; 25; 0; 1; 234; 
15; 19; 0; 1; 307; 
19; 19; 0; 1; 36; 
29; 17; 0; 1; 777; 
20; 19; 0; 1; 483; 
7; 1; 0; 1; 179; 
10; 10; 0; 1; 193; 
8; 12; 0; 1; 342; 
4; 2; 0; 1; 136; 
10; 4; 0; 1; 486; 
5; 4; 0; 1; 604; 
28; 4; 0; 1; 229; 
25; 29; 0; 1; 618; 
17; 15; 0; 1; 565; 
1; 18; 0; 1; 755; 
19; 17; 0; 1; 781; 
9; 11; 0; 1; 364; 
2; 25; 0; 1; 383; 
8; 4; 0; 1; 213; 
15; 14; 0; 1; 373; 
12; 28; 0; 1; 595; 
11; 22; 0; 1; 278; 
16; 6; 0; 1; 337; 
17; 9; 0; 1; 494; 
9; 1; 0; 1; 605; 
25; 4; 0; 1; 150; 
17; 10; 0; 1; 393; 
8; 7; 0; 1; 544; 
15; 16; 0; 1; 446; 
26; 5; 0; 1; 659; 
25; 11; 0; 1; 757; 
28; 7; 0; 1; 96; 
18; 13; 0; 1; 485; 
4; 24; 0; 1; 510; 
29; 26; 0; 1; 708; 
22; 2; 0; 1; 282; 
5; 11; 0; 1; 685; 
14; 14; 0; 1; 83; 
17; 28; 0; 1; 382; 
16; 8; 0; 1; 625; 
18; 13; 0; 1; 799; 
6; 25; 0; 1; 290; 
22; 2; 0; 1; 581; 
28; 28; 0; 1; 640; 
19; 11; 0; 1; 469; 
24; 25; 0; 1; 217; 
28; 13; 0; 1; 521; 
5; 5; 0; 1; 220; 
3; 28; 0; 1; 57; 
10; 21; 0; 1; 730; 
10; 28; 0; 1; 602; 
4; 4; 0; 1; 680; 
29; 4; 0; 1; 444; 
20; 22; 0; 1; 686; 
17; 21; 0; 1; 168; 
27; 26; 0; 1; 756; 
7; 2; 0; 1; 51; 
10; 18; 0; 1; 134; 
18; 17; 0; 1; 391; 
26; 7; 0; 1; 724; 
20; 18; 0; 1; 732; 
16; 9; 0; 1; 425; 
25; 15; 0; 1; 415; 
8; 28; 0; 1; 200; 
22; 30; 0; 1; 78; 
1; 7; 0; 1; 767; 
20; 19; 0; 1; 479; 
14; 14; 0; 1; 637; 
15; 19; 0; 1; 110; 
0; 0; 262; 9; 
1; 0; 69; 12; 
2; 0; 786; 13; 
3; 0; 73; 12; 
4; 0; 114; 9; 
5; 0; 329; 6; 
6; 0; 404; 14; 
7; 0; 998; 13; 
8; 0; 593; 10; 
9; 0; 924; 12; 
10; 0; 488; 10; 
11; 0; 181; 9; 
12; 0; 665; 8; 
13; 0; 485; 7; 
14; 0; 1196; 8; 
15; 0; 998; 7; 
16; 0; 32; 11; 
17; 0; 462; 11; 
18; 0; 357; 12; 
19; 0; 1231; 9; 
20; 0; 915; 12; 
21; 0; 144; 10; 
22; 0; 102; 9; 
23; 0; 205; 9; 
24; 0; 945; 8; 
*** EOF ***