**** 22 ****
100
10; 25; 0; 1; 260; 
26; 5; 0; 1; 325; 
8; 5; 0; 1; 713; 
16; 10; 0; 1; 464; 
19; 8; 0; 1; 261; 
5; 12; 0; 1; 376; 
14; 7; 0; 1; 526; 
12; 15; 0; 1; 408; 
16; 30; 0; 1; 81; 
6; 29; 0; 1; 254; 
17; 21; 0; 1; 251; 
7; 29; 0; 1; 242; 
14; 4; 0; 1; 1; 
7; 3; 0; 1; 80; 
13; 8; 0; 1; 174; 
29; 3; 0; 1; 161; 
7; 16; 0; 1; 364; 
26; 26; 0; 1; 21; 
26; 6; 0; 1; 195; 
13; 24; 0; 1; 36; 
3; 20; 0; 1; 162; 
27; 6; 0; 1; 22; 
20; 7; 0; 1; 425; 
26; 24; 0; 1; 471; 
3; 1; 0; 1; 629; 
30; 29; 0; 1; 110; 
6; 28; 0; 1; 595; 
2; 23; 0; 1; 588; 
16; 7; 0; 1; 224; 
23; 13; 0; 1; 361; 
25; 22; 0; 1; 736; 
16; 16; 0; 1; 553; 
23; 15; 0; 1; 269; 
9; 10; 0; 1; 141; 
8; 14; 0; 1; 147; 
6; 18; 0; 1; 630; 
23; 18; 0; 1; 483; 
7; 17; 0; 1; 73; 
16; 8; 0; 1; 362; 
6; 15; 0; 1; 304; 
8; 27; 0; 1; 422; 
27; 18; 0; 1; 408; 
27; 7; 0; 1; 366; 
23; 25; 0; 1; 728; 
7; 16; 0; 1; 353; 
22; 2; 0; 1; 499; 
7; 14; 0; 1; 80; 
27; 16; 0; 1; 613; 
16; 10; 0; 1; 152; 
1; 5; 0; 1; 651; 
21; 3; 0; 1; 195; 
18; 5; 0; 1; 498; 
8; 21; 0; 1; 229; 
17; 19; 0; 1; 679; 
19; 12; 0; 1; 736; 
6; 23; 0; 1; 643; 
27; 11; 0; 1; 686; 
14; 3; 0; 1; 569; 
9; 10; 0; 1; 62; 
24; 5; 0; 1; 66; 
6; 8; 0; 1; 714; 
5; 14; 0; 1; 366; 
8; 20; 0; 1; 259; 
21; 29; 0; 1; 300; 
5; 22; 0; 1; 231; 
15; 17; 0; 1; 618; 
13; 19; 0; 1; 320; 
26; 30; 0; 1; 127; 
6; 1; 0; 1; 708; 
30; 3; 0; 1; 517; 
11; 14; 0; 1; 464; 
8; 8; 0; 1; 660; 
13; 21; 0; 1; 407; 
19; 10; 0; 1; 734; 
11; 3; 0; 1; 15; 
18; 11; 0; 1; 483; 
27; 24; 0; 1; 457; 
2; 10; 0; 1; 225; 
4; 28; 0; 1; 545; 
16; 19; 0; 1; 578; 
17; 7; 0; 1; 631; 
8; 17; 0; 1; 282; 
13; 20; 0; 1; 695; 
25; 24; 0; 1; 501; 
16; 10; 0; 1; 671; 
20; 18; 0; 1; 388; 
18; 22; 0; 1; 728; 
22; 6; 0; 1; 269; 
22; 5; 0; 1; 128; 
10; 26; 0; 1; 196; 
2; 26; 0; 1; 726; 
20; 23; 0; 1; 34; 
29; 14; 0; 1; 298; 
7; 1; 0; 1; 481; 
13; 28; 0; 1; 524; 
2; 4; 0; 1; 690; 
6; 6; 0; 1; 406; 
22; 18; 0; 1; 414; 
5; 21; 0; 1; 484; 
29; 24; 0; 1; 203; 
0; 0; 802; 12; 
1; 0; 377; 13; 
2; 0; 581; 9; 
3; 0; 1227; 14; 
4; 0; 1188; 8; 
5; 0; 375; 13; 
6; 0; 315; 6; 
7; 0; 254; 10; 
8; 0; 861; 7; 
9; 0; 1175; 11; 
10; 0; 1145; 8; 
11; 0; 789; 9; 
12; 0; 1392; 8; 
13; 0; 985; 12; 
14; 0; 72; 7; 
15; 0; 272; 7; 
16; 0; 524; 12; 
17; 0; 688; 9; 
18; 0; 312; 5; 
19; 0; 1058; 14; 
20; 0; 1169; 6; 
21; 0; 1080; 12; 
22; 0; 160; 5; 
23; 0; 957; 9; 
24; 0; 770; 10; 
*** EOF ***