**** 23 ****
100
6; 18; 0; 1; 24; 
16; 27; 0; 1; 413; 
26; 3; 0; 1; 755; 
26; 15; 0; 1; 446; 
17; 9; 0; 1; 330; 
8; 27; 0; 1; 684; 
16; 11; 0; 1; 751; 
9; 28; 0; 1; 209; 
28; 10; 0; 1; 362; 
11; 27; 0; 1; 442; 
19; 5; 0; 1; 214; 
23; 11; 0; 1; 315; 
9; 24; 0; 1; 33; 
22; 20; 0; 1; 665; 
27; 22; 0; 1; 9; 
21; 29; 0; 1; 287; 
9; 23; 0; 1; 753; 
1; 3; 0; 1; 465; 
7; 11; 0; 1; 215; 
9; 18; 0; 1; 607; 
17; 21; 0; 1; 750; 
30; 12; 0; 1; 762; 
3; 8; 0; 1; 639; 
21; 24; 0; 1; 788; 
30; 11; 0; 1; 161; 
25; 5; 0; 1; 508; 
27; 28; 0; 1; 35; 
21; 15; 0; 1; 182; 
14; 3; 0; 1; 492; 
23; 7; 0; 1; 100; 
21; 23; 0; 1; 666; 
11; 22; 0; 1; 720; 
18; 22; 0; 1; 548; 
26; 6; 0; 1; 646; 
9; 17; 0; 1; 298; 
16; 14; 0; 1; 118; 
26; 6; 0; 1; 236; 
23; 29; 0; 1; 363; 
2; 3; 0; 1; 708; 
24; 5; 0; 1; 669; 
8; 20; 0; 1; 42; 
9; 8; 0; 1; 216; 
22; 1; 0; 1; 535; 
5; 18; 0; 1; 482; 
14; 9; 0; 1; 112; 
9; 17; 0; 1; 476; 
29; 30; 0; 1; 222; 
4; 14; 0; 1; 586; 
9; 25; 0; 1; 468; 
18; 7; 0; 1; 228; 
19; 30; 0; 1; 427; 
8; 9; 0; 1; 584; 
13; 28; 0; 1; 93; 
15; 16; 0; 1; 591; 
29; 11; 0; 1; 765; 
7; 11; 0; 1; 754; 
29; 14; 0; 1; 185; 
9; 17; 0; 1; 178; 
1; 4; 0; 1; 268; 
25; 2; 0; 1; 358; 
1; 2; 0; 1; 428; 
7; 25; 0; 1; 543; 
26; 18; 0; 1; 777; 
15; 3; 0; 1; 529; 
4; 26; 0; 1; 238; 
9; 18; 0; 1; 222; 
28; 5; 0; 1; 129; 
11; 25; 0; 1; 672; 
20; 5; 0; 1; 769; 
16; 1; 0; 1; 283; 
16; 10; 0; 1; 302; 
6; 12; 0; 1; 496; 
28; 17; 0; 1; 226; 
11; 22; 0; 1; 735; 
28; 12; 0; 1; 607; 
25; 22; 0; 1; 319; 
7; 8; 0; 1; 364; 
11; 25; 0; 1; 355; 
25; 2; 0; 1; 621; 
16; 10; 0; 1; 4; 
17; 19; 0; 1; 559; 
18; 3; 0; 1; 75; 
21; 19; 0; 1; 644; 
13; 12; 0; 1; 251; 
14; 5; 0; 1; 516; 
17; 29; 0; 1; 161; 
24; 21; 0; 1; 774; 
1; 15; 0; 1; 136; 
21; 21; 0; 1; 206; 
6; 17; 0; 1; 491; 
25; 17; 0; 1; 72; 
14; 13; 0; 1; 512; 
5; 9; 0; 1; 94; 
22; 13; 0; 1; 99; 
7; 29; 0; 1; 787; 
7; 29; 0; 1; 80; 
23; 26; 0; 1; 478; 
30; 17; 0; 1; 484; 
12; 30; 0; 1; 664; 
17; 19; 0; 1; 501; 
0; 0; 37; 5; 
1; 0; 296; 11; 
2; 0; 517; 9; 
3; 0; 1395; 10; 
4; 0; 350; 10; 
5; 0; 1339; 14; 
6; 0; 77; 10; 
7; 0; 1578; 10; 
8; 0; 567; 5; 
9; 0; 1440; 6; 
10; 0; 1450; 8; 
11; 0; 1451; 5; 
12; 0; 425; 12; 
13; 0; 1094; 12; 
14; 0; 291; 12; 
15; 0; 840; 7; 
16; 0; 1223; 9; 
17; 0; 335; 6; 
18; 0; 50; 13; 
19; 0; 1380; 8; 
20; 0; 904; 12; 
21; 0; 1581; 11; 
22; 0; 688; 13; 
23; 0; 526; 6; 
24; 0; 1201; 5; 
*** EOF ***