**** 24 ****
100
8; 25; 0; 1; 624; 
4; 28; 0; 1; 402; 
6; 7; 0; 1; 135; 
29; 5; 0; 1; 32; 
8; 13; 0; 1; 306; 
4; 18; 0; 1; 17; 
4; 15; 0; 1; 351; 
20; 11; 0; 1; 207; 
8; 25; 0; 1; 52; 
29; 21; 0; 1; 123; 
9; 6; 0; 1; 623; 
7; 5; 0; 1; 116; 
19; 19; 0; 1; 500; 
2; 30; 0; 1; 443; 
10; 3; 0; 1; 655; 
23; 16; 0; 1; 375; 
21; 14; 0; 1; 627; 
1; 14; 0; 1; 365; 
3; 28; 0; 1; 619; 
7; 11; 0; 1; 134; 
26; 25; 0; 1; 740; 
13; 21; 0; 1; 650; 
10; 12; 0; 1; 126; 
11; 3; 0; 1; 88; 
11; 2; 0; 1; 333; 
13; 2; 0; 1; 2; 
29; 19; 0; 1; 722; 
22; 10; 0; 1; 318; 
7; 18; 0; 1; 114; 
26; 20; 0; 1; 364; 
25; 2; 0; 1; 188; 
14; 26; 0; 1; 245; 
15; 30; 0; 1; 447; 
30; 22; 0; 1; 82; 
27; 19; 0; 1; 430; 
1; 28; 0; 1; 373; 
13; 4; 0; 1; 274; 
20; 3; 0; 1; 3; 
22; 2; 0; 1; 119; 
7; 13; 0; 1; 452; 
14; 11; 0; 1; 48; 
8; 28; 0; 1; 472; 
26; 12; 0; 1; 98; 
13; 5; 0; 1; 288; 
15; 15; 0; 1; 58; 
16; 18; 0; 1; 656; 
23; 1; 0; 1; 149; 
15; 17; 0; 1; 283; 
5; 3; 0; 1; 695; 
15; 6; 0; 1; 217; 
23; 1; 0; 1; 507; 
25; 24; 0; 1; 569; 
9; 24; 0; 1; 380; 
1; 21; 0; 1; 510; 
9; 22; 0; 1; 713; 
26; 15; 0; 1; 94; 
25; 6; 0; 1; 69; 
24; 30; 0; 1; 80; 
12; 12; 0; 1; 350; 
26; 18; 0; 1; 49; 
21; 7; 0; 1; 23; 
14; 21; 0; 1; 63; 
12; 27; 0; 1; 548; 
13; 26; 0; 1; 624; 
14; 12; 0; 1; 354; 
1; 23; 0; 1; 412; 
27; 24; 0; 1; 287; 
14; 25; 0; 1; 511; 
10; 11; 0; 1; 659; 
24; 17; 0; 1; 541; 
29; 11; 0; 1; 509; 
8; 29; 0; 1; 167; 
30; 23; 0; 1; 707; 
14; 11; 0; 1; 133; 
22; 21; 0; 1; 192; 
2; 21; 0; 1; 541; 
23; 4; 0; 1; 474; 
30; 30; 0; 1; 587; 
26; 20; 0; 1; 642; 
22; 11; 0; 1; 500; 
11; 19; 0; 1; 457; 
20; 23; 0; 1; 253; 
10; 20; 0; 1; 330; 
28; 24; 0; 1; 719; 
17; 20; 0; 1; 218; 
1; 24; 0; 1; 68; 
16; 2; 0; 1; 127; 
2; 29; 0; 1; 346; 
6; 8; 0; 1; 349; 
12; 7; 0; 1; 603; 
5; 4; 0; 1; 35; 
30; 10; 0; 1; 19; 
4; 8; 0; 1; 333; 
8; 3; 0; 1; 559; 
7; 19; 0; 1; 378; 
5; 22; 0; 1; 716; 
29; 18; 0; 1; 172; 
16; 14; 0; 1; 741; 
2; 27; 0; 1; 217; 
8; 2; 0; 1; 622; 
0; 0; 755; 14; 
1; 0; 243; 6; 
2; 0; 1132; 13; 
3; 0; 793; 13; 
4; 0; 808; 11; 
5; 0; 1412; 6; 
6; 0; 1285; 6; 
7; 0; 418; 5; 
8; 0; 382; 14; 
9; 0; 330; 5; 
10; 0; 221; 9; 
11; 0; 780; 7; 
12; 0; 1056; 12; 
13; 0; 927; 5; 
14; 0; 694; 6; 
15; 0; 1323; 13; 
16; 0; 836; 7; 
17; 0; 1059; 13; 
18; 0; 1261; 12; 
19; 0; 1302; 8; 
20; 0; 780; 12; 
21; 0; 1335; 14; 
22; 0; 942; 12; 
23; 0; 323; 12; 
24; 0; 435; 7; 
*** EOF ***