**** 25 ****
100
1; 28; 0; 1; 35; 
19; 13; 0; 1; 461; 
10; 13; 0; 1; 670; 
19; 29; 0; 1; 115; 
4; 8; 0; 1; 536; 
15; 26; 0; 1; 104; 
16; 16; 0; 1; 565; 
3; 6; 0; 1; 672; 
12; 23; 0; 1; 122; 
21; 10; 0; 1; 519; 
5; 21; 0; 1; 545; 
1; 22; 0; 1; 257; 
22; 3; 0; 1; 402; 
24; 5; 0; 1; 77; 
16; 23; 0; 1; 660; 
24; 21; 0; 1; 509; 
19; 19; 0; 1; 459; 
27; 23; 0; 1; 475; 
22; 13; 0; 1; 159; 
2; 19; 0; 1; 527; 
1; 27; 0; 1; 4; 
16; 10; 0; 1; 136; 
18; 17; 0; 1; 549; 
1; 10; 0; 1; 741; 
30; 26; 0; 1; 635; 
28; 20; 0; 1; 503; 
5; 17; 0; 1; 453; 
13; 14; 0; 1; 301; 
12; 15; 0; 1; 278; 
29; 1; 0; 1; 659; 
4; 28; 0; 1; 393; 
24; 13; 0; 1; 358; 
25; 16; 0; 1; 119; 
8; 26; 0; 1; 525; 
15; 16; 0; 1; 528; 
7; 8; 0; 1; 638; 
11; 12; 0; 1; 760; 
4; 30; 0; 1; 202; 
24; 20; 0; 1; 351; 
25; 30; 0; 1; 170; 
23; 6; 0; 1; 567; 
9; 4; 0; 1; 603; 
21; 9; 0; 1; 475; 
3; 27; 0; 1; 457; 
30; 25; 0; 1; 77; 
26; 9; 0; 1; 101; 
19; 24; 0; 1; 384; 
17; 14; 0; 1; 414; 
24; 29; 0; 1; 611; 
6; 26; 0; 1; 623; 
28; 4; 0; 1; 607; 
25; 21; 0; 1; 55; 
20; 9; 0; 1; 110; 
16; 13; 0; 1; 758; 
18; 3; 0; 1; 117; 
15; 20; 0; 1; 548; 
4; 21; 0; 1; 490; 
5; 24; 0; 1; 408; 
12; 17; 0; 1; 251; 
3; 14; 0; 1; 61; 
6; 22; 0; 1; 73; 
17; 27; 0; 1; 586; 
8; 12; 0; 1; 267; 
4; 7; 0; 1; 749; 
25; 7; 0; 1; 633; 
17; 20; 0; 1; 677; 
4; 26; 0; 1; 285; 
17; 26; 0; 1; 376; 
20; 18; 0; 1; 24; 
17; 11; 0; 1; 395; 
19; 17; 0; 1; 701; 
5; 1; 0; 1; 303; 
23; 11; 0; 1; 82; 
19; 12; 0; 1; 692; 
17; 5; 0; 1; 211; 
30; 24; 0; 1; 123; 
4; 17; 0; 1; 369; 
16; 18; 0; 1; 388; 
12; 27; 0; 1; 392; 
16; 29; 0; 1; 248; 
18; 21; 0; 1; 448; 
7; 27; 0; 1; 334; 
18; 21; 0; 1; 214; 
22; 23; 0; 1; 536; 
24; 25; 0; 1; 603; 
2; 20; 0; 1; 613; 
22; 9; 0; 1; 702; 
19; 26; 0; 1; 371; 
24; 28; 0; 1; 48; 
19; 27; 0; 1; 214; 
15; 17; 0; 1; 30; 
15; 30; 0; 1; 736; 
6; 8; 0; 1; 547; 
25; 8; 0; 1; 18; 
7; 1; 0; 1; 640; 
28; 11; 0; 1; 75; 
17; 5; 0; 1; 269; 
3; 7; 0; 1; 711; 
9; 12; 0; 1; 38; 
30; 1; 0; 1; 245; 
0; 0; 1411; 6; 
1; 0; 632; 14; 
2; 0; 1085; 10; 
3; 0; 876; 10; 
4; 0; 1150; 6; 
5; 0; 1011; 10; 
6; 0; 786; 10; 
7; 0; 1390; 14; 
8; 0; 1075; 7; 
9; 0; 61; 7; 
10; 0; 1505; 13; 
11; 0; 1234; 10; 
12; 0; 577; 6; 
13; 0; 307; 5; 
14; 0; 944; 10; 
15; 0; 994; 11; 
16; 0; 1430; 12; 
17; 0; 368; 9; 
18; 0; 624; 9; 
19; 0; 1100; 14; 
20; 0; 145; 10; 
21; 0; 1410; 13; 
22; 0; 1405; 6; 
23; 0; 952; 11; 
24; 0; 965; 9; 
*** EOF ***