**** 26 ****
100
28; 17; 0; 1; 103; 
4; 7; 0; 1; 692; 
22; 10; 0; 1; 232; 
19; 21; 0; 1; 581; 
27; 2; 0; 1; 152; 
17; 13; 0; 1; 549; 
26; 6; 0; 1; 68; 
17; 5; 0; 1; 116; 
17; 7; 0; 1; 57; 
14; 16; 0; 1; 258; 
7; 29; 0; 1; 84; 
1; 21; 0; 1; 352; 
27; 26; 0; 1; 39; 
17; 23; 0; 1; 86; 
1; 21; 0; 1; 624; 
19; 29; 0; 1; 497; 
6; 18; 0; 1; 158; 
4; 4; 0; 1; 378; 
16; 13; 0; 1; 599; 
13; 30; 0; 1; 237; 
13; 16; 0; 1; 634; 
10; 21; 0; 1; 5; 
10; 14; 0; 1; 510; 
3; 8; 0; 1; 37; 
22; 19; 0; 1; 168; 
16; 8; 0; 1; 441; 
13; 13; 0; 1; 113; 
27; 8; 0; 1; 120; 
7; 11; 0; 1; 244; 
23; 17; 0; 1; 119; 
2; 18; 0; 1; 404; 
10; 24; 0; 1; 654; 
18; 1; 0; 1; 364; 
13; 9; 0; 1; 564; 
14; 20; 0; 1; 323; 
30; 9; 0; 1; 177; 
14; 29; 0; 1; 95; 
17; 23; 0; 1; 77; 
5; 8; 0; 1; 426; 
20; 14; 0; 1; 516; 
25; 6; 0; 1; 142; 
1; 4; 0; 1; 85; 
2; 28; 0; 1; 201; 
21; 26; 0; 1; 550; 
29; 12; 0; 1; 445; 
26; 12; 0; 1; 295; 
28; 7; 0; 1; 123; 
9; 2; 0; 1; 376; 
17; 6; 0; 1; 382; 
21; 14; 0; 1; 67; 
4; 24; 0; 1; 689; 
29; 4; 0; 1; 266; 
19; 11; 0; 1; 677; 
26; 1; 0; 1; 511; 
6; 29; 0; 1; 492; 
8; 13; 0; 1; 284; 
8; 15; 0; 1; 89; 
2; 19; 0; 1; 573; 
4; 19; 0; 1; 265; 
17; 26; 0; 1; 122; 
24; 29; 0; 1; 214; 
29; 24; 0; 1; 95; 
23; 24; 0; 1; 505; 
16; 28; 0; 1; 170; 
4; 9; 0; 1; 625; 
2; 12; 0; 1; 561; 
10; 14; 0; 1; 130; 
1; 26; 0; 1; 151; 
4; 4; 0; 1; 191; 
26; 29; 0; 1; 367; 
19; 6; 0; 1; 630; 
5; 12; 0; 1; 379; 
6; 22; 0; 1; 478; 
5; 13; 0; 1; 225; 
17; 27; 0; 1; 327; 
5; 11; 0; 1; 147; 
12; 18; 0; 1; 173; 
2; 13; 0; 1; 232; 
27; 18; 0; 1; 597; 
18; 5; 0; 1; 2; 
26; 10; 0; 1; 385; 
3; 15; 0; 1; 430; 
2; 13; 0; 1; 126; 
8; 10; 0; 1; 258; 
1; 17; 0; 1; 662; 
18; 16; 0; 1; 193; 
17; 24; 0; 1; 356; 
2; 2; 0; 1; 340; 
7; 13; 0; 1; 310; 
24; 28; 0; 1; 365; 
23; 22; 0; 1; 303; 
15; 27; 0; 1; 633; 
6; 18; 0; 1; 175; 
20; 12; 0; 1; 73; 
2; 23; 0; 1; 625; 
5; 5; 0; 1; 313; 
7; 15; 0; 1; 571; 
11; 13; 0; 1; 323; 
14; 30; 0; 1; 487; 
30; 9; 0; 1; 597; 
0; 0; 103; 12; 
1; 0; 594; 10; 
2; 0; 106; 5; 
3; 0; 267; 10; 
4; 0; 323; 10; 
5; 0; 1271; 8; 
6; 0; 1176; 12; 
7; 0; 152; 12; 
8; 0; 361; 12; 
9; 0; 466; 12; 
10; 0; 272; 9; 
11; 0; 574; 8; 
12; 0; 445; 8; 
13; 0; 49; 12; 
14; 0; 738; 12; 
15; 0; 1091; 11; 
16; 0; 559; 6; 
17; 0; 7; 7; 
18; 0; 45; 11; 
19; 0; 1251; 7; 
20; 0; 564; 8; 
21; 0; 1220; 5; 
22; 0; 1254; 14; 
23; 0; 945; 10; 
24; 0; 202; 6; 
*** EOF ***