**** 27 ****
100
3; 6; 0; 1; 183; 
19; 27; 0; 1; 206; 
28; 9; 0; 1; 73; 
14; 26; 0; 1; 167; 
9; 24; 0; 1; 242; 
21; 22; 0; 1; 664; 
12; 26; 0; 1; 17; 
18; 25; 0; 1; 678; 
19; 27; 0; 1; 523; 
28; 14; 0; 1; 21; 
13; 7; 0; 1; 520; 
26; 2; 0; 1; 574; 
28; 30; 0; 1; 638; 
17; 5; 0; 1; 318; 
2; 29; 0; 1; 355; 
11; 22; 0; 1; 127; 
25; 30; 0; 1; 357; 
26; 12; 0; 1; 491; 
21; 29; 0; 1; 735; 
9; 14; 0; 1; 3; 
21; 19; 0; 1; 54; 
29; 27; 0; 1; 532; 
21; 11; 0; 1; 4; 
18; 14; 0; 1; 229; 
3; 1; 0; 1; 435; 
12; 4; 0; 1; 99; 
2; 14; 0; 1; 22; 
15; 24; 0; 1; 734; 
3; 9; 0; 1; 150; 
17; 8; 0; 1; 314; 
6; 26; 0; 1; 226; 
12; 24; 0; 1; 317; 
7; 4; 0; 1; 254; 
18; 3; 0; 1; 554; 
5; 16; 0; 1; 4; 
7; 17; 0; 1; 119; 
4; 21; 0; 1; 719; 
16; 13; 0; 1; 399; 
23; 10; 0; 1; 189; 
25; 29; 0; 1; 669; 
29; 7; 0; 1; 105; 
18; 18; 0; 1; 201; 
10; 25; 0; 1; 77; 
10; 15; 0; 1; 19; 
18; 20; 0; 1; 558; 
3; 26; 0; 1; 501; 
16; 17; 0; 1; 362; 
28; 22; 0; 1; 717; 
20; 9; 0; 1; 748; 
10; 14; 0; 1; 61; 
24; 24; 0; 1; 580; 
1; 30; 0; 1; 13; 
13; 11; 0; 1; 126; 
30; 9; 0; 1; 216; 
7; 29; 0; 1; 396; 
29; 21; 0; 1; 68; 
4; 7; 0; 1; 639; 
10; 16; 0; 1; 648; 
12; 24; 0; 1; 571; 
30; 24; 0; 1; 602; 
20; 11; 0; 1; 611; 
20; 27; 0; 1; 225; 
17; 12; 0; 1; 352; 
18; 12; 0; 1; 313; 
10; 9; 0; 1; 249; 
7; 17; 0; 1; 712; 
21; 20; 0; 1; 38; 
10; 22; 0; 1; 503; 
13; 3; 0; 1; 315; 
4; 7; 0; 1; 470; 
17; 24; 0; 1; 161; 
16; 27; 0; 1; 385; 
7; 17; 0; 1; 530; 
26; 15; 0; 1; 272; 
1; 19; 0; 1; 67; 
17; 4; 0; 1; 306; 
1; 30; 0; 1; 347; 
26; 3; 0; 1; 510; 
13; 5; 0; 1; 431; 
4; 7; 0; 1; 677; 
4; 22; 0; 1; 247; 
4; 19; 0; 1; 285; 
15; 21; 0; 1; 332; 
13; 3; 0; 1; 392; 
27; 17; 0; 1; 362; 
16; 29; 0; 1; 345; 
17; 13; 0; 1; 461; 
4; 13; 0; 1; 449; 
10; 18; 0; 1; 208; 
11; 29; 0; 1; 92; 
28; 11; 0; 1; 481; 
4; 24; 0; 1; 623; 
23; 24; 0; 1; 612; 
26; 1; 0; 1; 702; 
12; 26; 0; 1; 214; 
25; 29; 0; 1; 322; 
11; 19; 0; 1; 364; 
21; 6; 0; 1; 682; 
12; 13; 0; 1; 553; 
13; 12; 0; 1; 315; 
0; 0; 1390; 5; 
1; 0; 248; 7; 
2; 0; 285; 13; 
3; 0; 1340; 14; 
4; 0; 729; 7; 
5; 0; 654; 14; 
6; 0; 74; 11; 
7; 0; 1353; 14; 
8; 0; 1199; 6; 
9; 0; 353; 12; 
10; 0; 1136; 13; 
11; 0; 853; 8; 
12; 0; 1353; 11; 
13; 0; 917; 13; 
14; 0; 646; 13; 
15; 0; 223; 6; 
16; 0; 861; 10; 
17; 0; 799; 11; 
18; 0; 1483; 7; 
19; 0; 1093; 6; 
20; 0; 249; 13; 
21; 0; 1007; 10; 
22; 0; 729; 8; 
23; 0; 1278; 5; 
24; 0; 569; 14; 
*** EOF ***