**** 28 ****
100
6; 5; 0; 1; 759; 
19; 15; 0; 1; 695; 
13; 24; 0; 1; 510; 
20; 20; 0; 1; 506; 
12; 4; 0; 1; 217; 
13; 2; 0; 1; 139; 
23; 24; 0; 1; 668; 
2; 22; 0; 1; 311; 
14; 24; 0; 1; 368; 
21; 28; 0; 1; 172; 
16; 2; 0; 1; 445; 
2; 6; 0; 1; 666; 
1; 16; 0; 1; 727; 
13; 4; 0; 1; 649; 
21; 16; 0; 1; 25; 
5; 10; 0; 1; 415; 
29; 8; 0; 1; 609; 
18; 24; 0; 1; 717; 
14; 29; 0; 1; 649; 
24; 10; 0; 1; 548; 
4; 12; 0; 1; 56; 
6; 17; 0; 1; 387; 
7; 3; 0; 1; 67; 
1; 12; 0; 1; 260; 
21; 8; 0; 1; 86; 
26; 10; 0; 1; 275; 
29; 2; 0; 1; 657; 
23; 15; 0; 1; 61; 
4; 11; 0; 1; 211; 
8; 13; 0; 1; 467; 
14; 16; 0; 1; 265; 
24; 22; 0; 1; 619; 
23; 4; 0; 1; 45; 
30; 21; 0; 1; 417; 
30; 12; 0; 1; 26; 
27; 18; 0; 1; 33; 
24; 21; 0; 1; 460; 
5; 29; 0; 1; 490; 
11; 20; 0; 1; 481; 
18; 20; 0; 1; 49; 
25; 2; 0; 1; 302; 
19; 6; 0; 1; 580; 
27; 3; 0; 1; 395; 
14; 3; 0; 1; 383; 
3; 16; 0; 1; 163; 
9; 10; 0; 1; 115; 
28; 6; 0; 1; 474; 
5; 22; 0; 1; 542; 
25; 28; 0; 1; 631; 
10; 26; 0; 1; 638; 
5; 29; 0; 1; 340; 
14; 10; 0; 1; 193; 
23; 16; 0; 1; 41; 
27; 12; 0; 1; 6; 
9; 16; 0; 1; 19; 
11; 24; 0; 1; 494; 
12; 23; 0; 1; 460; 
9; 4; 0; 1; 297; 
22; 5; 0; 1; 215; 
17; 6; 0; 1; 702; 
12; 26; 0; 1; 58; 
11; 18; 0; 1; 181; 
19; 8; 0; 1; 182; 
29; 3; 0; 1; 613; 
6; 23; 0; 1; 340; 
13; 17; 0; 1; 342; 
19; 24; 0; 1; 389; 
6; 30; 0; 1; 671; 
9; 21; 0; 1; 348; 
2; 7; 0; 1; 382; 
6; 12; 0; 1; 613; 
27; 22; 0; 1; 480; 
15; 11; 0; 1; 394; 
15; 22; 0; 1; 308; 
20; 22; 0; 1; 553; 
10; 23; 0; 1; 537; 
9; 16; 0; 1; 374; 
23; 17; 0; 1; 1; 
14; 16; 0; 1; 16; 
16; 1; 0; 1; 305; 
26; 10; 0; 1; 116; 
14; 11; 0; 1; 140; 
23; 30; 0; 1; 295; 
25; 4; 0; 1; 563; 
4; 1; 0; 1; 214; 
27; 2; 0; 1; 541; 
20; 5; 0; 1; 252; 
14; 26; 0; 1; 113; 
8; 5; 0; 1; 643; 
12; 23; 0; 1; 241; 
10; 21; 0; 1; 558; 
14; 4; 0; 1; 434; 
16; 9; 0; 1; 297; 
2; 12; 0; 1; 588; 
14; 4; 0; 1; 464; 
26; 7; 0; 1; 217; 
10; 30; 0; 1; 432; 
11; 21; 0; 1; 55; 
19; 10; 0; 1; 666; 
18; 6; 0; 1; 282; 
0; 0; 630; 11; 
1; 0; 885; 7; 
2; 0; 688; 7; 
3; 0; 696; 12; 
4; 0; 508; 11; 
5; 0; 982; 9; 
6; 0; 1348; 8; 
7; 0; 694; 13; 
8; 0; 1273; 6; 
9; 0; 1497; 12; 
10; 0; 750; 10; 
11; 0; 763; 13; 
12; 0; 1257; 6; 
13; 0; 724; 14; 
14; 0; 49; 7; 
15; 0; 534; 9; 
16; 0; 1495; 9; 
17; 0; 1044; 9; 
18; 0; 260; 5; 
19; 0; 818; 11; 
20; 0; 196; 13; 
21; 0; 183; 12; 
22; 0; 659; 12; 
23; 0; 811; 9; 
24; 0; 766; 11; 
*** EOF ***