**** 29 ****
100
13; 8; 0; 1; 439; 
1; 5; 0; 1; 473; 
16; 27; 0; 1; 626; 
24; 8; 0; 1; 162; 
28; 21; 0; 1; 697; 
8; 12; 0; 1; 50; 
16; 7; 0; 1; 628; 
10; 1; 0; 1; 681; 
18; 26; 0; 1; 45; 
21; 30; 0; 1; 678; 
28; 29; 0; 1; 484; 
12; 22; 0; 1; 303; 
15; 30; 0; 1; 67; 
30; 26; 0; 1; 526; 
30; 8; 0; 1; 816; 
17; 7; 0; 1; 295; 
17; 29; 0; 1; 767; 
23; 18; 0; 1; 800; 
21; 23; 0; 1; 818; 
10; 25; 0; 1; 723; 
24; 8; 0; 1; 304; 
3; 29; 0; 1; 784; 
20; 29; 0; 1; 782; 
19; 5; 0; 1; 375; 
24; 3; 0; 1; 272; 
6; 26; 0; 1; 131; 
30; 17; 0; 1; 107; 
25; 13; 0; 1; 83; 
21; 11; 0; 1; 436; 
1; 4; 0; 1; 321; 
24; 30; 0; 1; 158; 
30; 12; 0; 1; 32; 
9; 3; 0; 1; 633; 
16; 24; 0; 1; 769; 
3; 29; 0; 1; 813; 
26; 8; 0; 1; 80; 
28; 29; 0; 1; 427; 
5; 18; 0; 1; 119; 
12; 20; 0; 1; 830; 
28; 12; 0; 1; 265; 
21; 11; 0; 1; 315; 
11; 1; 0; 1; 5; 
6; 23; 0; 1; 429; 
25; 1; 0; 1; 794; 
25; 10; 0; 1; 34; 
20; 24; 0; 1; 508; 
27; 8; 0; 1; 237; 
18; 14; 0; 1; 279; 
11; 23; 0; 1; 35; 
5; 27; 0; 1; 624; 
17; 11; 0; 1; 359; 
11; 21; 0; 1; 844; 
24; 12; 0; 1; 497; 
16; 16; 0; 1; 174; 
7; 26; 0; 1; 815; 
3; 4; 0; 1; 190; 
2; 19; 0; 1; 710; 
10; 6; 0; 1; 647; 
24; 11; 0; 1; 708; 
12; 26; 0; 1; 666; 
4; 9; 0; 1; 691; 
16; 14; 0; 1; 612; 
17; 4; 0; 1; 580; 
22; 27; 0; 1; 841; 
8; 24; 0; 1; 329; 
3; 15; 0; 1; 332; 
29; 19; 0; 1; 37; 
11; 16; 0; 1; 639; 
29; 22; 0; 1; 717; 
25; 2; 0; 1; 821; 
21; 13; 0; 1; 538; 
13; 9; 0; 1; 428; 
28; 3; 0; 1; 215; 
14; 11; 0; 1; 176; 
2; 19; 0; 1; 57; 
14; 2; 0; 1; 51; 
24; 28; 0; 1; 310; 
25; 4; 0; 1; 602; 
9; 7; 0; 1; 604; 
26; 21; 0; 1; 40; 
2; 21; 0; 1; 519; 
8; 9; 0; 1; 394; 
9; 6; 0; 1; 46; 
28; 25; 0; 1; 53; 
12; 22; 0; 1; 105; 
21; 7; 0; 1; 361; 
29; 30; 0; 1; 281; 
25; 16; 0; 1; 802; 
23; 9; 0; 1; 157; 
8; 7; 0; 1; 333; 
7; 8; 0; 1; 543; 
3; 11; 0; 1; 252; 
30; 9; 0; 1; 827; 
26; 7; 0; 1; 285; 
26; 20; 0; 1; 220; 
30; 1; 0; 1; 340; 
7; 4; 0; 1; 538; 
21; 14; 0; 1; 103; 
14; 2; 0; 1; 668; 
16; 29; 0; 1; 606; 
0; 0; 1435; 11; 
1; 0; 929; 9; 
2; 0; 273; 8; 
3; 0; 899; 13; 
4; 0; 1493; 12; 
5; 0; 166; 14; 
6; 0; 1659; 9; 
7; 0; 962; 9; 
8; 0; 538; 8; 
9; 0; 26; 12; 
10; 0; 1650; 7; 
11; 0; 837; 7; 
12; 0; 570; 6; 
13; 0; 881; 7; 
14; 0; 1441; 10; 
15; 0; 93; 7; 
16; 0; 908; 7; 
17; 0; 793; 10; 
18; 0; 457; 6; 
19; 0; 1546; 9; 
20; 0; 1127; 11; 
21; 0; 1595; 10; 
22; 0; 1096; 5; 
23; 0; 102; 13; 
24; 0; 545; 6; 
*** EOF ***