**** 3 ****
100
27; 25; 0; 1; 245; 
30; 30; 0; 1; 804; 
1; 1; 0; 1; 80; 
28; 22; 0; 1; 731; 
11; 18; 0; 1; 428; 
22; 3; 0; 1; 696; 
30; 7; 0; 1; 868; 
24; 5; 0; 1; 149; 
5; 27; 0; 1; 655; 
5; 7; 0; 1; 459; 
10; 13; 0; 1; 42; 
12; 21; 0; 1; 135; 
11; 5; 0; 1; 203; 
6; 22; 0; 1; 250; 
29; 9; 0; 1; 736; 
18; 5; 0; 1; 429; 
23; 15; 0; 1; 418; 
14; 28; 0; 1; 12; 
7; 8; 0; 1; 116; 
28; 14; 0; 1; 745; 
18; 21; 0; 1; 37; 
29; 8; 0; 1; 138; 
9; 21; 0; 1; 673; 
15; 4; 0; 1; 217; 
25; 28; 0; 1; 485; 
6; 9; 0; 1; 110; 
24; 1; 0; 1; 317; 
1; 8; 0; 1; 812; 
29; 7; 0; 1; 367; 
16; 11; 0; 1; 182; 
18; 2; 0; 1; 296; 
4; 3; 0; 1; 661; 
16; 29; 0; 1; 180; 
7; 25; 0; 1; 736; 
14; 13; 0; 1; 278; 
26; 29; 0; 1; 124; 
16; 12; 0; 1; 746; 
22; 24; 0; 1; 371; 
29; 19; 0; 1; 106; 
3; 26; 0; 1; 485; 
28; 6; 0; 1; 2; 
5; 15; 0; 1; 462; 
29; 11; 0; 1; 216; 
9; 4; 0; 1; 703; 
24; 2; 0; 1; 705; 
22; 27; 0; 1; 774; 
22; 26; 0; 1; 742; 
7; 25; 0; 1; 650; 
21; 4; 0; 1; 342; 
14; 21; 0; 1; 365; 
20; 19; 0; 1; 497; 
21; 7; 0; 1; 279; 
18; 3; 0; 1; 790; 
30; 9; 0; 1; 620; 
19; 29; 0; 1; 783; 
23; 10; 0; 1; 640; 
7; 29; 0; 1; 742; 
30; 3; 0; 1; 44; 
6; 13; 0; 1; 844; 
14; 3; 0; 1; 677; 
19; 27; 0; 1; 732; 
3; 6; 0; 1; 649; 
22; 13; 0; 1; 244; 
29; 9; 0; 1; 439; 
11; 9; 0; 1; 448; 
30; 25; 0; 1; 487; 
17; 12; 0; 1; 156; 
30; 10; 0; 1; 371; 
29; 10; 0; 1; 807; 
11; 16; 0; 1; 654; 
3; 13; 0; 1; 394; 
21; 19; 0; 1; 657; 
28; 12; 0; 1; 361; 
1; 22; 0; 1; 532; 
6; 24; 0; 1; 402; 
3; 25; 0; 1; 436; 
27; 17; 0; 1; 453; 
29; 7; 0; 1; 538; 
22; 3; 0; 1; 872; 
14; 20; 0; 1; 762; 
19; 17; 0; 1; 832; 
17; 23; 0; 1; 842; 
16; 9; 0; 1; 870; 
30; 12; 0; 1; 524; 
21; 16; 0; 1; 811; 
17; 1; 0; 1; 662; 
29; 1; 0; 1; 404; 
16; 3; 0; 1; 713; 
7; 3; 0; 1; 284; 
30; 29; 0; 1; 617; 
10; 14; 0; 1; 648; 
22; 19; 0; 1; 853; 
5; 8; 0; 1; 421; 
12; 12; 0; 1; 727; 
4; 20; 0; 1; 352; 
29; 21; 0; 1; 386; 
21; 21; 0; 1; 475; 
23; 3; 0; 1; 352; 
14; 28; 0; 1; 28; 
16; 29; 0; 1; 404; 
0; 0; 1143; 14; 
1; 0; 1451; 5; 
2; 0; 175; 6; 
3; 0; 1190; 12; 
4; 0; 1517; 6; 
5; 0; 531; 11; 
6; 0; 1072; 11; 
7; 0; 1393; 13; 
8; 0; 1674; 5; 
9; 0; 243; 7; 
10; 0; 83; 5; 
11; 0; 59; 5; 
12; 0; 1056; 8; 
13; 0; 1222; 12; 
14; 0; 1379; 14; 
15; 0; 605; 11; 
16; 0; 1259; 12; 
17; 0; 563; 12; 
18; 0; 1582; 14; 
19; 0; 491; 12; 
20; 0; 311; 11; 
21; 0; 1280; 9; 
22; 0; 697; 10; 
23; 0; 1080; 13; 
24; 0; 190; 8; 
*** EOF ***