**** 30 ****
100
10; 2; 0; 1; 713; 
1; 6; 0; 1; 675; 
12; 14; 0; 1; 207; 
19; 23; 0; 1; 161; 
11; 3; 0; 1; 615; 
30; 7; 0; 1; 316; 
27; 2; 0; 1; 28; 
30; 3; 0; 1; 373; 
15; 20; 0; 1; 163; 
14; 15; 0; 1; 753; 
6; 2; 0; 1; 83; 
20; 17; 0; 1; 132; 
2; 4; 0; 1; 313; 
10; 22; 0; 1; 635; 
24; 2; 0; 1; 119; 
10; 18; 0; 1; 703; 
26; 26; 0; 1; 62; 
14; 21; 0; 1; 121; 
9; 30; 0; 1; 125; 
4; 29; 0; 1; 5; 
10; 6; 0; 1; 135; 
6; 23; 0; 1; 378; 
28; 26; 0; 1; 219; 
2; 18; 0; 1; 205; 
8; 30; 0; 1; 398; 
4; 1; 0; 1; 464; 
9; 15; 0; 1; 133; 
17; 17; 0; 1; 697; 
20; 7; 0; 1; 314; 
6; 27; 0; 1; 60; 
16; 3; 0; 1; 386; 
29; 18; 0; 1; 603; 
30; 25; 0; 1; 150; 
1; 11; 0; 1; 517; 
17; 28; 0; 1; 11; 
5; 17; 0; 1; 163; 
27; 11; 0; 1; 660; 
30; 15; 0; 1; 397; 
29; 15; 0; 1; 708; 
21; 11; 0; 1; 86; 
10; 22; 0; 1; 439; 
3; 14; 0; 1; 521; 
7; 18; 0; 1; 589; 
10; 11; 0; 1; 776; 
3; 18; 0; 1; 589; 
14; 27; 0; 1; 200; 
29; 10; 0; 1; 357; 
11; 27; 0; 1; 385; 
20; 18; 0; 1; 340; 
20; 2; 0; 1; 739; 
30; 6; 0; 1; 246; 
3; 27; 0; 1; 506; 
17; 7; 0; 1; 146; 
29; 16; 0; 1; 678; 
19; 24; 0; 1; 343; 
20; 4; 0; 1; 255; 
28; 27; 0; 1; 25; 
6; 5; 0; 1; 517; 
23; 21; 0; 1; 166; 
16; 5; 0; 1; 656; 
13; 5; 0; 1; 189; 
19; 15; 0; 1; 632; 
10; 23; 0; 1; 272; 
2; 7; 0; 1; 554; 
26; 15; 0; 1; 110; 
20; 3; 0; 1; 3; 
22; 7; 0; 1; 713; 
12; 24; 0; 1; 349; 
30; 23; 0; 1; 39; 
27; 30; 0; 1; 293; 
1; 3; 0; 1; 42; 
13; 11; 0; 1; 464; 
30; 22; 0; 1; 498; 
21; 21; 0; 1; 377; 
9; 8; 0; 1; 461; 
13; 30; 0; 1; 164; 
1; 7; 0; 1; 243; 
26; 26; 0; 1; 162; 
1; 29; 0; 1; 750; 
25; 8; 0; 1; 753; 
6; 11; 0; 1; 641; 
10; 13; 0; 1; 476; 
10; 2; 0; 1; 331; 
6; 15; 0; 1; 513; 
23; 18; 0; 1; 294; 
29; 26; 0; 1; 165; 
20; 4; 0; 1; 42; 
13; 13; 0; 1; 603; 
10; 29; 0; 1; 422; 
30; 4; 0; 1; 666; 
29; 17; 0; 1; 401; 
2; 28; 0; 1; 2; 
5; 14; 0; 1; 107; 
28; 8; 0; 1; 144; 
6; 28; 0; 1; 606; 
22; 24; 0; 1; 380; 
4; 5; 0; 1; 719; 
26; 20; 0; 1; 387; 
5; 7; 0; 1; 760; 
26; 12; 0; 1; 195; 
0; 0; 760; 10; 
1; 0; 743; 13; 
2; 0; 1085; 8; 
3; 0; 119; 10; 
4; 0; 603; 5; 
5; 0; 1504; 7; 
6; 0; 655; 11; 
7; 0; 569; 6; 
8; 0; 1067; 5; 
9; 0; 1538; 9; 
10; 0; 1335; 6; 
11; 0; 25; 12; 
12; 0; 237; 5; 
13; 0; 348; 8; 
14; 0; 1039; 8; 
15; 0; 678; 11; 
16; 0; 943; 7; 
17; 0; 622; 10; 
18; 0; 921; 13; 
19; 0; 1430; 12; 
20; 0; 985; 12; 
21; 0; 1230; 9; 
22; 0; 1069; 5; 
23; 0; 1337; 13; 
24; 0; 340; 5; 
*** EOF ***