**** 31 ****
100
16; 15; 0; 1; 378; 
20; 27; 0; 1; 73; 
8; 25; 0; 1; 483; 
30; 28; 0; 1; 496; 
29; 19; 0; 1; 307; 
24; 1; 0; 1; 483; 
1; 5; 0; 1; 300; 
13; 10; 0; 1; 321; 
10; 27; 0; 1; 384; 
15; 17; 0; 1; 626; 
12; 29; 0; 1; 222; 
29; 18; 0; 1; 290; 
4; 15; 0; 1; 377; 
9; 13; 0; 1; 367; 
27; 22; 0; 1; 652; 
17; 5; 0; 1; 87; 
11; 17; 0; 1; 182; 
23; 11; 0; 1; 733; 
25; 28; 0; 1; 458; 
23; 8; 0; 1; 5; 
29; 10; 0; 1; 9; 
13; 9; 0; 1; 604; 
6; 30; 0; 1; 170; 
28; 11; 0; 1; 578; 
14; 22; 0; 1; 121; 
21; 27; 0; 1; 394; 
12; 13; 0; 1; 388; 
17; 9; 0; 1; 628; 
8; 10; 0; 1; 39; 
22; 9; 0; 1; 251; 
20; 25; 0; 1; 187; 
9; 18; 0; 1; 8; 
28; 9; 0; 1; 246; 
10; 23; 0; 1; 452; 
22; 1; 0; 1; 467; 
20; 8; 0; 1; 46; 
18; 4; 0; 1; 320; 
15; 9; 0; 1; 494; 
6; 1; 0; 1; 489; 
6; 23; 0; 1; 539; 
1; 6; 0; 1; 616; 
28; 23; 0; 1; 398; 
8; 28; 0; 1; 720; 
21; 13; 0; 1; 338; 
15; 2; 0; 1; 241; 
6; 1; 0; 1; 340; 
2; 25; 0; 1; 546; 
7; 12; 0; 1; 637; 
23; 28; 0; 1; 220; 
14; 3; 0; 1; 181; 
18; 24; 0; 1; 739; 
21; 12; 0; 1; 638; 
19; 26; 0; 1; 374; 
29; 12; 0; 1; 719; 
15; 10; 0; 1; 234; 
18; 2; 0; 1; 91; 
16; 14; 0; 1; 42; 
11; 29; 0; 1; 385; 
26; 21; 0; 1; 309; 
10; 26; 0; 1; 445; 
12; 28; 0; 1; 445; 
14; 9; 0; 1; 511; 
19; 11; 0; 1; 175; 
9; 3; 0; 1; 516; 
10; 2; 0; 1; 184; 
15; 4; 0; 1; 515; 
12; 6; 0; 1; 556; 
10; 16; 0; 1; 145; 
10; 15; 0; 1; 641; 
26; 15; 0; 1; 484; 
8; 8; 0; 1; 280; 
18; 28; 0; 1; 224; 
14; 6; 0; 1; 201; 
27; 5; 0; 1; 70; 
8; 9; 0; 1; 93; 
19; 15; 0; 1; 335; 
7; 8; 0; 1; 237; 
15; 25; 0; 1; 545; 
23; 26; 0; 1; 142; 
6; 5; 0; 1; 425; 
4; 21; 0; 1; 669; 
14; 7; 0; 1; 198; 
1; 27; 0; 1; 624; 
12; 14; 0; 1; 597; 
1; 15; 0; 1; 373; 
20; 20; 0; 1; 392; 
17; 17; 0; 1; 462; 
16; 16; 0; 1; 569; 
29; 1; 0; 1; 323; 
15; 2; 0; 1; 186; 
16; 23; 0; 1; 67; 
18; 17; 0; 1; 652; 
10; 17; 0; 1; 473; 
8; 5; 0; 1; 435; 
5; 2; 0; 1; 315; 
22; 6; 0; 1; 507; 
18; 15; 0; 1; 658; 
4; 30; 0; 1; 155; 
21; 16; 0; 1; 699; 
16; 23; 0; 1; 666; 
0; 0; 289; 6; 
1; 0; 1125; 9; 
2; 0; 1189; 11; 
3; 0; 533; 11; 
4; 0; 1490; 12; 
5; 0; 534; 6; 
6; 0; 136; 12; 
7; 0; 374; 5; 
8; 0; 1086; 10; 
9; 0; 859; 12; 
10; 0; 446; 9; 
11; 0; 772; 12; 
12; 0; 87; 14; 
13; 0; 700; 11; 
14; 0; 683; 10; 
15; 0; 439; 12; 
16; 0; 743; 5; 
17; 0; 500; 6; 
18; 0; 1011; 9; 
19; 0; 1182; 5; 
20; 0; 611; 13; 
21; 0; 674; 12; 
22; 0; 1132; 8; 
23; 0; 190; 11; 
24; 0; 116; 8; 
*** EOF ***