**** 32 ****
100
3; 26; 0; 1; 84; 
20; 2; 0; 1; 627; 
16; 2; 0; 1; 687; 
13; 11; 0; 1; 734; 
4; 1; 0; 1; 408; 
12; 7; 0; 1; 508; 
1; 6; 0; 1; 263; 
21; 11; 0; 1; 530; 
22; 17; 0; 1; 248; 
10; 13; 0; 1; 230; 
29; 5; 0; 1; 357; 
6; 14; 0; 1; 104; 
17; 28; 0; 1; 463; 
15; 16; 0; 1; 289; 
3; 22; 0; 1; 586; 
25; 13; 0; 1; 779; 
12; 23; 0; 1; 714; 
12; 7; 0; 1; 584; 
9; 2; 0; 1; 780; 
23; 17; 0; 1; 420; 
20; 30; 0; 1; 94; 
2; 11; 0; 1; 202; 
14; 20; 0; 1; 559; 
29; 28; 0; 1; 499; 
19; 21; 0; 1; 613; 
28; 24; 0; 1; 763; 
28; 14; 0; 1; 76; 
5; 11; 0; 1; 796; 
14; 9; 0; 1; 497; 
1; 24; 0; 1; 726; 
13; 4; 0; 1; 483; 
2; 4; 0; 1; 268; 
29; 19; 0; 1; 551; 
29; 18; 0; 1; 310; 
9; 6; 0; 1; 237; 
9; 17; 0; 1; 54; 
30; 19; 0; 1; 166; 
26; 27; 0; 1; 444; 
4; 22; 0; 1; 576; 
12; 26; 0; 1; 7; 
23; 15; 0; 1; 788; 
28; 21; 0; 1; 619; 
17; 3; 0; 1; 667; 
5; 16; 0; 1; 753; 
13; 7; 0; 1; 771; 
12; 26; 0; 1; 307; 
23; 3; 0; 1; 792; 
21; 29; 0; 1; 502; 
28; 2; 0; 1; 652; 
27; 22; 0; 1; 800; 
8; 9; 0; 1; 493; 
28; 15; 0; 1; 271; 
10; 16; 0; 1; 655; 
29; 10; 0; 1; 786; 
13; 18; 0; 1; 647; 
28; 15; 0; 1; 41; 
9; 22; 0; 1; 426; 
30; 17; 0; 1; 627; 
4; 25; 0; 1; 533; 
8; 25; 0; 1; 776; 
18; 2; 0; 1; 644; 
9; 10; 0; 1; 162; 
1; 22; 0; 1; 486; 
3; 19; 0; 1; 15; 
2; 27; 0; 1; 50; 
16; 25; 0; 1; 647; 
28; 9; 0; 1; 557; 
27; 24; 0; 1; 361; 
10; 15; 0; 1; 602; 
27; 20; 0; 1; 710; 
27; 14; 0; 1; 86; 
7; 22; 0; 1; 136; 
29; 9; 0; 1; 489; 
9; 21; 0; 1; 275; 
11; 18; 0; 1; 518; 
16; 19; 0; 1; 373; 
10; 4; 0; 1; 294; 
23; 30; 0; 1; 244; 
17; 15; 0; 1; 695; 
16; 24; 0; 1; 609; 
29; 28; 0; 1; 516; 
13; 27; 0; 1; 683; 
4; 23; 0; 1; 106; 
19; 23; 0; 1; 6; 
29; 20; 0; 1; 259; 
11; 4; 0; 1; 389; 
3; 7; 0; 1; 52; 
8; 29; 0; 1; 719; 
5; 23; 0; 1; 636; 
27; 11; 0; 1; 433; 
19; 3; 0; 1; 258; 
20; 21; 0; 1; 124; 
23; 12; 0; 1; 673; 
26; 19; 0; 1; 601; 
21; 14; 0; 1; 168; 
21; 2; 0; 1; 642; 
19; 20; 0; 1; 46; 
18; 19; 0; 1; 167; 
20; 4; 0; 1; 487; 
11; 24; 0; 1; 524; 
0; 0; 1041; 12; 
1; 0; 21; 14; 
2; 0; 684; 12; 
3; 0; 1131; 5; 
4; 0; 1586; 10; 
5; 0; 1294; 12; 
6; 0; 1577; 9; 
7; 0; 969; 11; 
8; 0; 940; 8; 
9; 0; 371; 13; 
10; 0; 949; 13; 
11; 0; 1387; 9; 
12; 0; 1116; 9; 
13; 0; 1266; 7; 
14; 0; 1129; 10; 
15; 0; 1360; 13; 
16; 0; 1141; 10; 
17; 0; 1456; 11; 
18; 0; 824; 11; 
19; 0; 536; 6; 
20; 0; 1594; 9; 
21; 0; 179; 8; 
22; 0; 152; 12; 
23; 0; 1129; 5; 
24; 0; 948; 11; 
*** EOF ***