**** 33 ****
100
13; 26; 0; 1; 632; 
27; 28; 0; 1; 598; 
28; 6; 0; 1; 496; 
15; 2; 0; 1; 181; 
13; 16; 0; 1; 404; 
6; 26; 0; 1; 582; 
4; 19; 0; 1; 486; 
5; 13; 0; 1; 256; 
15; 6; 0; 1; 244; 
11; 22; 0; 1; 636; 
8; 21; 0; 1; 489; 
10; 2; 0; 1; 491; 
28; 18; 0; 1; 186; 
21; 6; 0; 1; 371; 
3; 25; 0; 1; 152; 
23; 17; 0; 1; 300; 
13; 3; 0; 1; 645; 
29; 13; 0; 1; 575; 
24; 4; 0; 1; 731; 
12; 9; 0; 1; 414; 
25; 29; 0; 1; 736; 
6; 18; 0; 1; 530; 
17; 3; 0; 1; 153; 
5; 7; 0; 1; 673; 
30; 19; 0; 1; 167; 
5; 6; 0; 1; 723; 
26; 27; 0; 1; 206; 
11; 8; 0; 1; 369; 
8; 10; 0; 1; 544; 
4; 17; 0; 1; 346; 
15; 22; 0; 1; 360; 
9; 30; 0; 1; 520; 
7; 27; 0; 1; 494; 
5; 6; 0; 1; 479; 
4; 5; 0; 1; 373; 
20; 21; 0; 1; 347; 
1; 18; 0; 1; 630; 
6; 3; 0; 1; 310; 
17; 15; 0; 1; 313; 
16; 16; 0; 1; 333; 
26; 1; 0; 1; 24; 
25; 10; 0; 1; 211; 
11; 9; 0; 1; 665; 
30; 7; 0; 1; 370; 
28; 11; 0; 1; 146; 
17; 4; 0; 1; 596; 
29; 18; 0; 1; 526; 
29; 10; 0; 1; 396; 
11; 21; 0; 1; 612; 
10; 15; 0; 1; 512; 
22; 9; 0; 1; 190; 
28; 4; 0; 1; 239; 
9; 28; 0; 1; 737; 
30; 25; 0; 1; 442; 
17; 7; 0; 1; 31; 
10; 25; 0; 1; 691; 
16; 18; 0; 1; 274; 
25; 4; 0; 1; 342; 
7; 3; 0; 1; 409; 
9; 21; 0; 1; 498; 
4; 23; 0; 1; 438; 
13; 9; 0; 1; 366; 
19; 8; 0; 1; 297; 
19; 26; 0; 1; 154; 
11; 30; 0; 1; 85; 
7; 20; 0; 1; 303; 
7; 8; 0; 1; 336; 
17; 25; 0; 1; 428; 
28; 12; 0; 1; 37; 
29; 26; 0; 1; 726; 
1; 3; 0; 1; 109; 
14; 15; 0; 1; 135; 
20; 4; 0; 1; 612; 
18; 18; 0; 1; 426; 
16; 13; 0; 1; 722; 
5; 15; 0; 1; 45; 
18; 1; 0; 1; 180; 
10; 28; 0; 1; 86; 
8; 15; 0; 1; 30; 
8; 24; 0; 1; 264; 
4; 11; 0; 1; 248; 
18; 23; 0; 1; 65; 
28; 29; 0; 1; 43; 
11; 21; 0; 1; 192; 
27; 30; 0; 1; 327; 
7; 20; 0; 1; 52; 
9; 21; 0; 1; 224; 
21; 7; 0; 1; 223; 
30; 17; 0; 1; 9; 
28; 26; 0; 1; 465; 
9; 24; 0; 1; 35; 
5; 17; 0; 1; 510; 
11; 9; 0; 1; 73; 
18; 17; 0; 1; 7; 
7; 17; 0; 1; 266; 
24; 5; 0; 1; 345; 
16; 15; 0; 1; 636; 
25; 8; 0; 1; 193; 
22; 25; 0; 1; 637; 
15; 1; 0; 1; 182; 
0; 0; 1273; 13; 
1; 0; 52; 10; 
2; 0; 1099; 14; 
3; 0; 1399; 7; 
4; 0; 1442; 8; 
5; 0; 1318; 10; 
6; 0; 810; 6; 
7; 0; 1193; 9; 
8; 0; 448; 13; 
9; 0; 695; 6; 
10; 0; 1298; 14; 
11; 0; 521; 5; 
12; 0; 541; 13; 
13; 0; 1158; 12; 
14; 0; 1153; 7; 
15; 0; 50; 5; 
16; 0; 710; 7; 
17; 0; 884; 12; 
18; 0; 975; 6; 
19; 0; 1181; 8; 
20; 0; 873; 10; 
21; 0; 998; 7; 
22; 0; 1311; 5; 
23; 0; 1340; 14; 
24; 0; 971; 6; 
*** EOF ***