**** 34 ****
100
26; 26; 0; 1; 447; 
8; 6; 0; 1; 157; 
8; 16; 0; 1; 464; 
4; 4; 0; 1; 42; 
14; 17; 0; 1; 608; 
5; 6; 0; 1; 114; 
3; 13; 0; 1; 567; 
27; 10; 0; 1; 91; 
30; 17; 0; 1; 182; 
18; 24; 0; 1; 97; 
7; 11; 0; 1; 575; 
19; 9; 0; 1; 278; 
28; 9; 0; 1; 272; 
29; 23; 0; 1; 363; 
27; 9; 0; 1; 369; 
11; 27; 0; 1; 83; 
28; 16; 0; 1; 610; 
1; 8; 0; 1; 109; 
29; 18; 0; 1; 226; 
17; 10; 0; 1; 300; 
2; 9; 0; 1; 739; 
28; 6; 0; 1; 679; 
20; 6; 0; 1; 260; 
30; 29; 0; 1; 66; 
28; 30; 0; 1; 733; 
8; 16; 0; 1; 658; 
20; 1; 0; 1; 454; 
15; 20; 0; 1; 6; 
14; 26; 0; 1; 231; 
26; 25; 0; 1; 361; 
10; 6; 0; 1; 272; 
12; 22; 0; 1; 449; 
27; 13; 0; 1; 696; 
3; 25; 0; 1; 587; 
13; 29; 0; 1; 242; 
12; 29; 0; 1; 551; 
22; 24; 0; 1; 469; 
8; 3; 0; 1; 523; 
3; 7; 0; 1; 513; 
2; 10; 0; 1; 313; 
12; 21; 0; 1; 197; 
10; 5; 0; 1; 322; 
28; 5; 0; 1; 628; 
4; 24; 0; 1; 507; 
4; 1; 0; 1; 565; 
2; 5; 0; 1; 504; 
24; 19; 0; 1; 542; 
23; 21; 0; 1; 142; 
18; 4; 0; 1; 217; 
13; 7; 0; 1; 550; 
2; 24; 0; 1; 309; 
24; 20; 0; 1; 275; 
15; 13; 0; 1; 614; 
10; 6; 0; 1; 462; 
26; 25; 0; 1; 163; 
21; 8; 0; 1; 132; 
3; 18; 0; 1; 223; 
3; 9; 0; 1; 384; 
21; 17; 0; 1; 721; 
10; 22; 0; 1; 503; 
11; 2; 0; 1; 280; 
6; 17; 0; 1; 198; 
1; 3; 0; 1; 161; 
26; 11; 0; 1; 338; 
26; 13; 0; 1; 523; 
16; 5; 0; 1; 24; 
6; 25; 0; 1; 324; 
30; 5; 0; 1; 426; 
15; 10; 0; 1; 52; 
27; 4; 0; 1; 546; 
8; 8; 0; 1; 45; 
24; 18; 0; 1; 752; 
23; 3; 0; 1; 746; 
26; 7; 0; 1; 643; 
11; 18; 0; 1; 674; 
27; 27; 0; 1; 597; 
14; 10; 0; 1; 645; 
9; 1; 0; 1; 558; 
18; 21; 0; 1; 553; 
23; 30; 0; 1; 390; 
2; 27; 0; 1; 76; 
4; 28; 0; 1; 576; 
11; 10; 0; 1; 112; 
10; 9; 0; 1; 297; 
27; 26; 0; 1; 402; 
25; 2; 0; 1; 42; 
9; 27; 0; 1; 769; 
30; 5; 0; 1; 764; 
27; 22; 0; 1; 309; 
13; 10; 0; 1; 460; 
6; 28; 0; 1; 112; 
27; 19; 0; 1; 492; 
26; 7; 0; 1; 693; 
13; 16; 0; 1; 255; 
6; 8; 0; 1; 514; 
19; 3; 0; 1; 397; 
7; 18; 0; 1; 695; 
13; 17; 0; 1; 168; 
15; 11; 0; 1; 212; 
9; 15; 0; 1; 193; 
0; 0; 1161; 11; 
1; 0; 825; 6; 
2; 0; 260; 9; 
3; 0; 1298; 14; 
4; 0; 1482; 13; 
5; 0; 1036; 6; 
6; 0; 141; 10; 
7; 0; 307; 9; 
8; 0; 633; 8; 
9; 0; 1075; 11; 
10; 0; 1333; 14; 
11; 0; 242; 5; 
12; 0; 489; 11; 
13; 0; 250; 13; 
14; 0; 1289; 14; 
15; 0; 184; 12; 
16; 0; 1419; 7; 
17; 0; 192; 10; 
18; 0; 1127; 6; 
19; 0; 887; 9; 
20; 0; 1534; 7; 
21; 0; 1426; 7; 
22; 0; 1458; 10; 
23; 0; 783; 6; 
24; 0; 745; 13; 
*** EOF ***