**** 35 ****
100
15; 23; 0; 1; 104; 
16; 16; 0; 1; 350; 
5; 10; 0; 1; 54; 
27; 8; 0; 1; 479; 
30; 16; 0; 1; 370; 
18; 24; 0; 1; 393; 
23; 27; 0; 1; 502; 
6; 10; 0; 1; 675; 
24; 23; 0; 1; 226; 
28; 11; 0; 1; 753; 
8; 21; 0; 1; 663; 
30; 4; 0; 1; 582; 
25; 26; 0; 1; 554; 
19; 13; 0; 1; 701; 
11; 24; 0; 1; 274; 
30; 12; 0; 1; 486; 
16; 10; 0; 1; 372; 
12; 14; 0; 1; 68; 
13; 22; 0; 1; 539; 
10; 20; 0; 1; 143; 
7; 13; 0; 1; 182; 
10; 24; 0; 1; 532; 
22; 16; 0; 1; 391; 
1; 9; 0; 1; 194; 
17; 16; 0; 1; 489; 
13; 25; 0; 1; 365; 
13; 1; 0; 1; 597; 
25; 6; 0; 1; 511; 
3; 21; 0; 1; 110; 
2; 1; 0; 1; 612; 
20; 20; 0; 1; 547; 
21; 29; 0; 1; 543; 
12; 8; 0; 1; 437; 
10; 16; 0; 1; 260; 
11; 19; 0; 1; 26; 
16; 16; 0; 1; 675; 
17; 15; 0; 1; 346; 
28; 4; 0; 1; 746; 
16; 9; 0; 1; 779; 
27; 21; 0; 1; 484; 
26; 15; 0; 1; 103; 
17; 16; 0; 1; 232; 
7; 8; 0; 1; 385; 
3; 14; 0; 1; 372; 
22; 18; 0; 1; 708; 
24; 13; 0; 1; 242; 
2; 5; 0; 1; 113; 
15; 18; 0; 1; 511; 
2; 17; 0; 1; 182; 
24; 13; 0; 1; 228; 
3; 23; 0; 1; 506; 
24; 11; 0; 1; 343; 
28; 13; 0; 1; 434; 
4; 7; 0; 1; 126; 
3; 26; 0; 1; 464; 
15; 15; 0; 1; 693; 
20; 30; 0; 1; 220; 
15; 17; 0; 1; 393; 
20; 28; 0; 1; 213; 
12; 1; 0; 1; 502; 
9; 6; 0; 1; 111; 
14; 30; 0; 1; 586; 
10; 15; 0; 1; 493; 
27; 7; 0; 1; 25; 
16; 29; 0; 1; 455; 
15; 21; 0; 1; 203; 
19; 12; 0; 1; 127; 
18; 18; 0; 1; 304; 
19; 10; 0; 1; 691; 
5; 5; 0; 1; 458; 
14; 13; 0; 1; 730; 
18; 22; 0; 1; 627; 
14; 11; 0; 1; 685; 
21; 14; 0; 1; 140; 
16; 12; 0; 1; 578; 
14; 14; 0; 1; 538; 
13; 24; 0; 1; 21; 
14; 23; 0; 1; 437; 
22; 2; 0; 1; 140; 
28; 2; 0; 1; 699; 
28; 5; 0; 1; 307; 
15; 20; 0; 1; 308; 
27; 17; 0; 1; 111; 
18; 28; 0; 1; 496; 
25; 11; 0; 1; 275; 
5; 10; 0; 1; 151; 
25; 20; 0; 1; 619; 
4; 14; 0; 1; 85; 
20; 29; 0; 1; 450; 
17; 20; 0; 1; 717; 
22; 16; 0; 1; 110; 
2; 21; 0; 1; 628; 
18; 3; 0; 1; 50; 
9; 24; 0; 1; 530; 
4; 16; 0; 1; 556; 
9; 8; 0; 1; 476; 
23; 20; 0; 1; 158; 
2; 11; 0; 1; 12; 
20; 30; 0; 1; 257; 
10; 29; 0; 1; 244; 
0; 0; 615; 11; 
1; 0; 142; 13; 
2; 0; 1546; 6; 
3; 0; 994; 10; 
4; 0; 273; 9; 
5; 0; 275; 9; 
6; 0; 712; 7; 
7; 0; 820; 8; 
8; 0; 1054; 13; 
9; 0; 1007; 14; 
10; 0; 4; 10; 
11; 0; 107; 10; 
12; 0; 1199; 12; 
13; 0; 972; 10; 
14; 0; 1491; 7; 
15; 0; 47; 11; 
16; 0; 274; 6; 
17; 0; 1177; 11; 
18; 0; 958; 5; 
19; 0; 329; 11; 
20; 0; 982; 7; 
21; 0; 41; 6; 
22; 0; 1344; 12; 
23; 0; 148; 12; 
24; 0; 389; 7; 
*** EOF ***