**** 36 ****
100
10; 5; 0; 1; 506; 
7; 8; 0; 1; 689; 
26; 25; 0; 1; 670; 
24; 1; 0; 1; 303; 
27; 9; 0; 1; 120; 
5; 3; 0; 1; 394; 
14; 15; 0; 1; 348; 
8; 14; 0; 1; 680; 
7; 14; 0; 1; 496; 
22; 7; 0; 1; 213; 
8; 19; 0; 1; 278; 
9; 11; 0; 1; 187; 
4; 9; 0; 1; 61; 
24; 12; 0; 1; 355; 
8; 16; 0; 1; 134; 
3; 30; 0; 1; 281; 
28; 14; 0; 1; 418; 
3; 11; 0; 1; 146; 
25; 30; 0; 1; 539; 
5; 18; 0; 1; 362; 
21; 22; 0; 1; 695; 
27; 3; 0; 1; 335; 
26; 30; 0; 1; 475; 
13; 18; 0; 1; 729; 
16; 1; 0; 1; 230; 
13; 8; 0; 1; 7; 
1; 14; 0; 1; 2; 
7; 12; 0; 1; 610; 
1; 9; 0; 1; 736; 
26; 26; 0; 1; 570; 
26; 5; 0; 1; 694; 
19; 4; 0; 1; 636; 
21; 15; 0; 1; 619; 
25; 13; 0; 1; 731; 
1; 10; 0; 1; 651; 
24; 15; 0; 1; 611; 
20; 9; 0; 1; 757; 
26; 9; 0; 1; 344; 
23; 23; 0; 1; 492; 
26; 8; 0; 1; 659; 
28; 22; 0; 1; 33; 
6; 21; 0; 1; 296; 
10; 17; 0; 1; 92; 
25; 13; 0; 1; 248; 
11; 21; 0; 1; 562; 
6; 2; 0; 1; 585; 
5; 4; 0; 1; 375; 
7; 2; 0; 1; 317; 
10; 27; 0; 1; 593; 
26; 8; 0; 1; 345; 
26; 15; 0; 1; 72; 
14; 15; 0; 1; 465; 
24; 9; 0; 1; 710; 
26; 29; 0; 1; 678; 
15; 27; 0; 1; 553; 
12; 13; 0; 1; 698; 
22; 1; 0; 1; 245; 
10; 4; 0; 1; 348; 
4; 16; 0; 1; 499; 
5; 23; 0; 1; 548; 
24; 11; 0; 1; 482; 
3; 7; 0; 1; 648; 
6; 2; 0; 1; 513; 
15; 15; 0; 1; 622; 
22; 9; 0; 1; 138; 
28; 17; 0; 1; 691; 
5; 19; 0; 1; 765; 
22; 15; 0; 1; 770; 
10; 12; 0; 1; 509; 
21; 14; 0; 1; 48; 
27; 12; 0; 1; 227; 
7; 1; 0; 1; 429; 
14; 11; 0; 1; 421; 
12; 25; 0; 1; 7; 
9; 4; 0; 1; 752; 
12; 24; 0; 1; 236; 
28; 17; 0; 1; 634; 
19; 17; 0; 1; 15; 
24; 5; 0; 1; 570; 
4; 2; 0; 1; 122; 
25; 15; 0; 1; 768; 
20; 5; 0; 1; 369; 
9; 13; 0; 1; 512; 
30; 30; 0; 1; 329; 
21; 3; 0; 1; 264; 
6; 24; 0; 1; 147; 
10; 28; 0; 1; 383; 
27; 29; 0; 1; 275; 
5; 29; 0; 1; 443; 
15; 28; 0; 1; 624; 
7; 22; 0; 1; 637; 
25; 29; 0; 1; 552; 
14; 3; 0; 1; 122; 
27; 16; 0; 1; 193; 
28; 11; 0; 1; 334; 
8; 12; 0; 1; 313; 
13; 2; 0; 1; 327; 
10; 11; 0; 1; 553; 
6; 11; 0; 1; 53; 
10; 23; 0; 1; 770; 
0; 0; 943; 7; 
1; 0; 317; 6; 
2; 0; 841; 12; 
3; 0; 289; 13; 
4; 0; 340; 8; 
5; 0; 128; 14; 
6; 0; 20; 10; 
7; 0; 971; 11; 
8; 0; 853; 14; 
9; 0; 1012; 12; 
10; 0; 739; 12; 
11; 0; 178; 12; 
12; 0; 1422; 12; 
13; 0; 23; 9; 
14; 0; 318; 13; 
15; 0; 461; 6; 
16; 0; 366; 13; 
17; 0; 689; 5; 
18; 0; 1376; 12; 
19; 0; 702; 5; 
20; 0; 12; 12; 
21; 0; 829; 12; 
22; 0; 655; 7; 
23; 0; 900; 7; 
24; 0; 513; 10; 
*** EOF ***