**** 37 ****
100
3; 1; 0; 1; 279; 
12; 5; 0; 1; 466; 
10; 21; 0; 1; 151; 
25; 13; 0; 1; 425; 
24; 3; 0; 1; 204; 
4; 13; 0; 1; 746; 
10; 14; 0; 1; 469; 
26; 24; 0; 1; 357; 
17; 10; 0; 1; 477; 
28; 21; 0; 1; 42; 
8; 29; 0; 1; 77; 
9; 17; 0; 1; 38; 
9; 18; 0; 1; 474; 
21; 18; 0; 1; 495; 
3; 23; 0; 1; 673; 
8; 7; 0; 1; 513; 
20; 11; 0; 1; 508; 
9; 13; 0; 1; 669; 
10; 20; 0; 1; 367; 
4; 14; 0; 1; 559; 
10; 6; 0; 1; 253; 
10; 2; 0; 1; 442; 
4; 27; 0; 1; 755; 
6; 16; 0; 1; 135; 
29; 15; 0; 1; 330; 
18; 15; 0; 1; 160; 
14; 1; 0; 1; 106; 
29; 23; 0; 1; 240; 
6; 10; 0; 1; 119; 
8; 4; 0; 1; 508; 
15; 17; 0; 1; 260; 
22; 11; 0; 1; 180; 
18; 7; 0; 1; 749; 
24; 23; 0; 1; 580; 
13; 19; 0; 1; 405; 
11; 30; 0; 1; 305; 
26; 20; 0; 1; 690; 
23; 8; 0; 1; 710; 
13; 20; 0; 1; 352; 
2; 8; 0; 1; 361; 
28; 10; 0; 1; 101; 
11; 29; 0; 1; 107; 
6; 13; 0; 1; 488; 
2; 11; 0; 1; 145; 
4; 11; 0; 1; 316; 
1; 19; 0; 1; 362; 
25; 27; 0; 1; 461; 
16; 20; 0; 1; 22; 
5; 17; 0; 1; 612; 
27; 26; 0; 1; 600; 
13; 6; 0; 1; 151; 
29; 17; 0; 1; 363; 
16; 25; 0; 1; 588; 
16; 1; 0; 1; 645; 
6; 13; 0; 1; 107; 
2; 4; 0; 1; 471; 
15; 15; 0; 1; 471; 
14; 9; 0; 1; 27; 
20; 20; 0; 1; 751; 
23; 28; 0; 1; 452; 
20; 25; 0; 1; 180; 
27; 28; 0; 1; 336; 
8; 7; 0; 1; 155; 
24; 6; 0; 1; 314; 
22; 17; 0; 1; 187; 
15; 21; 0; 1; 514; 
7; 2; 0; 1; 437; 
24; 18; 0; 1; 178; 
20; 13; 0; 1; 702; 
9; 2; 0; 1; 202; 
3; 2; 0; 1; 249; 
26; 3; 0; 1; 743; 
13; 26; 0; 1; 522; 
3; 24; 0; 1; 169; 
30; 15; 0; 1; 628; 
7; 16; 0; 1; 718; 
24; 30; 0; 1; 97; 
14; 22; 0; 1; 375; 
22; 26; 0; 1; 699; 
8; 24; 0; 1; 694; 
24; 16; 0; 1; 334; 
29; 29; 0; 1; 298; 
28; 14; 0; 1; 725; 
4; 3; 0; 1; 146; 
6; 8; 0; 1; 700; 
24; 15; 0; 1; 652; 
25; 8; 0; 1; 345; 
21; 21; 0; 1; 92; 
6; 30; 0; 1; 10; 
3; 2; 0; 1; 733; 
26; 29; 0; 1; 549; 
24; 27; 0; 1; 628; 
15; 27; 0; 1; 231; 
23; 7; 0; 1; 143; 
7; 30; 0; 1; 453; 
21; 5; 0; 1; 302; 
29; 28; 0; 1; 94; 
7; 11; 0; 1; 657; 
7; 8; 0; 1; 100; 
26; 17; 0; 1; 505; 
0; 0; 1456; 13; 
1; 0; 1473; 9; 
2; 0; 500; 10; 
3; 0; 1288; 10; 
4; 0; 1066; 10; 
5; 0; 937; 7; 
6; 0; 733; 5; 
7; 0; 1131; 9; 
8; 0; 1182; 10; 
9; 0; 1274; 10; 
10; 0; 1478; 9; 
11; 0; 1013; 6; 
12; 0; 730; 8; 
13; 0; 580; 8; 
14; 0; 284; 8; 
15; 0; 1336; 7; 
16; 0; 901; 11; 
17; 0; 671; 13; 
18; 0; 942; 5; 
19; 0; 655; 14; 
20; 0; 505; 6; 
21; 0; 1061; 13; 
22; 0; 1085; 13; 
23; 0; 1431; 10; 
24; 0; 882; 14; 
*** EOF ***