**** 38 ****
100
29; 18; 0; 1; 251; 
15; 15; 0; 1; 472; 
11; 27; 0; 1; 292; 
29; 26; 0; 1; 109; 
1; 5; 0; 1; 512; 
23; 16; 0; 1; 517; 
21; 24; 0; 1; 103; 
9; 13; 0; 1; 525; 
11; 3; 0; 1; 15; 
29; 25; 0; 1; 107; 
9; 20; 0; 1; 669; 
24; 21; 0; 1; 710; 
25; 18; 0; 1; 46; 
28; 14; 0; 1; 329; 
26; 8; 0; 1; 242; 
24; 14; 0; 1; 659; 
23; 8; 0; 1; 272; 
3; 3; 0; 1; 195; 
5; 11; 0; 1; 674; 
10; 15; 0; 1; 399; 
3; 8; 0; 1; 678; 
29; 23; 0; 1; 55; 
4; 6; 0; 1; 710; 
6; 12; 0; 1; 712; 
3; 18; 0; 1; 735; 
26; 3; 0; 1; 186; 
30; 25; 0; 1; 558; 
27; 2; 0; 1; 729; 
19; 6; 0; 1; 292; 
17; 30; 0; 1; 209; 
14; 12; 0; 1; 680; 
6; 19; 0; 1; 95; 
16; 27; 0; 1; 121; 
29; 8; 0; 1; 120; 
15; 22; 0; 1; 647; 
5; 2; 0; 1; 388; 
12; 1; 0; 1; 409; 
24; 19; 0; 1; 27; 
3; 26; 0; 1; 116; 
9; 26; 0; 1; 116; 
5; 15; 0; 1; 369; 
30; 17; 0; 1; 303; 
30; 4; 0; 1; 472; 
19; 6; 0; 1; 36; 
2; 10; 0; 1; 25; 
1; 9; 0; 1; 734; 
19; 24; 0; 1; 726; 
14; 27; 0; 1; 382; 
9; 18; 0; 1; 373; 
1; 7; 0; 1; 328; 
14; 9; 0; 1; 652; 
27; 11; 0; 1; 424; 
8; 2; 0; 1; 590; 
16; 6; 0; 1; 465; 
17; 28; 0; 1; 697; 
15; 7; 0; 1; 430; 
9; 27; 0; 1; 295; 
10; 4; 0; 1; 42; 
2; 19; 0; 1; 266; 
4; 27; 0; 1; 408; 
10; 28; 0; 1; 606; 
22; 22; 0; 1; 470; 
15; 15; 0; 1; 483; 
24; 26; 0; 1; 317; 
1; 28; 0; 1; 732; 
1; 19; 0; 1; 719; 
23; 7; 0; 1; 600; 
23; 21; 0; 1; 430; 
6; 7; 0; 1; 538; 
25; 29; 0; 1; 77; 
25; 17; 0; 1; 685; 
23; 10; 0; 1; 56; 
3; 22; 0; 1; 48; 
7; 24; 0; 1; 11; 
25; 2; 0; 1; 184; 
8; 20; 0; 1; 377; 
23; 17; 0; 1; 402; 
8; 26; 0; 1; 286; 
6; 13; 0; 1; 627; 
12; 25; 0; 1; 421; 
10; 2; 0; 1; 588; 
18; 15; 0; 1; 339; 
1; 14; 0; 1; 346; 
15; 10; 0; 1; 432; 
10; 16; 0; 1; 112; 
5; 22; 0; 1; 170; 
1; 1; 0; 1; 498; 
25; 2; 0; 1; 517; 
5; 13; 0; 1; 142; 
23; 1; 0; 1; 398; 
9; 15; 0; 1; 430; 
1; 27; 0; 1; 432; 
22; 24; 0; 1; 567; 
23; 24; 0; 1; 650; 
11; 10; 0; 1; 55; 
20; 17; 0; 1; 119; 
27; 9; 0; 1; 34; 
21; 13; 0; 1; 51; 
27; 30; 0; 1; 60; 
2; 18; 0; 1; 345; 
0; 0; 244; 12; 
1; 0; 1425; 14; 
2; 0; 532; 10; 
3; 0; 774; 9; 
4; 0; 718; 11; 
5; 0; 190; 7; 
6; 0; 1419; 11; 
7; 0; 660; 9; 
8; 0; 483; 9; 
9; 0; 253; 13; 
10; 0; 1016; 7; 
11; 0; 31; 5; 
12; 0; 1441; 12; 
13; 0; 247; 12; 
14; 0; 1035; 8; 
15; 0; 979; 14; 
16; 0; 1141; 5; 
17; 0; 263; 7; 
18; 0; 1453; 6; 
19; 0; 616; 14; 
20; 0; 724; 14; 
21; 0; 1042; 9; 
22; 0; 387; 5; 
23; 0; 1428; 9; 
24; 0; 533; 6; 
*** EOF ***