**** 39 ****
100
11; 28; 0; 1; 16; 
21; 20; 0; 1; 292; 
5; 30; 0; 1; 603; 
12; 23; 0; 1; 77; 
30; 5; 0; 1; 580; 
22; 5; 0; 1; 48; 
20; 30; 0; 1; 144; 
12; 28; 0; 1; 410; 
28; 23; 0; 1; 736; 
9; 4; 0; 1; 36; 
22; 23; 0; 1; 252; 
22; 24; 0; 1; 43; 
11; 9; 0; 1; 296; 
18; 28; 0; 1; 62; 
29; 14; 0; 1; 90; 
1; 21; 0; 1; 761; 
7; 9; 0; 1; 124; 
8; 14; 0; 1; 536; 
7; 25; 0; 1; 251; 
16; 2; 0; 1; 362; 
1; 9; 0; 1; 512; 
14; 4; 0; 1; 313; 
30; 30; 0; 1; 100; 
22; 12; 0; 1; 553; 
22; 20; 0; 1; 442; 
30; 30; 0; 1; 483; 
11; 10; 0; 1; 484; 
30; 6; 0; 1; 66; 
15; 1; 0; 1; 268; 
1; 8; 0; 1; 183; 
8; 4; 0; 1; 496; 
26; 12; 0; 1; 777; 
21; 28; 0; 1; 466; 
19; 22; 0; 1; 428; 
12; 15; 0; 1; 761; 
9; 6; 0; 1; 453; 
28; 3; 0; 1; 284; 
3; 14; 0; 1; 109; 
15; 24; 0; 1; 642; 
24; 17; 0; 1; 258; 
13; 22; 0; 1; 65; 
28; 8; 0; 1; 789; 
26; 2; 0; 1; 383; 
4; 19; 0; 1; 456; 
1; 29; 0; 1; 48; 
15; 29; 0; 1; 452; 
20; 24; 0; 1; 705; 
16; 21; 0; 1; 195; 
4; 13; 0; 1; 75; 
9; 27; 0; 1; 268; 
27; 6; 0; 1; 760; 
3; 6; 0; 1; 332; 
13; 9; 0; 1; 27; 
30; 30; 0; 1; 271; 
29; 23; 0; 1; 751; 
16; 1; 0; 1; 186; 
25; 18; 0; 1; 503; 
19; 2; 0; 1; 356; 
22; 10; 0; 1; 99; 
6; 30; 0; 1; 17; 
14; 9; 0; 1; 385; 
24; 16; 0; 1; 566; 
12; 18; 0; 1; 747; 
29; 12; 0; 1; 60; 
28; 16; 0; 1; 156; 
19; 15; 0; 1; 272; 
26; 21; 0; 1; 537; 
16; 15; 0; 1; 10; 
8; 28; 0; 1; 103; 
6; 13; 0; 1; 420; 
29; 10; 0; 1; 410; 
9; 29; 0; 1; 344; 
20; 9; 0; 1; 666; 
20; 5; 0; 1; 295; 
19; 7; 0; 1; 380; 
16; 13; 0; 1; 278; 
9; 16; 0; 1; 659; 
23; 5; 0; 1; 661; 
5; 29; 0; 1; 221; 
7; 14; 0; 1; 80; 
28; 17; 0; 1; 429; 
12; 22; 0; 1; 590; 
26; 4; 0; 1; 751; 
12; 19; 0; 1; 784; 
1; 27; 0; 1; 114; 
14; 17; 0; 1; 592; 
20; 18; 0; 1; 310; 
5; 20; 0; 1; 733; 
6; 19; 0; 1; 442; 
30; 23; 0; 1; 230; 
17; 4; 0; 1; 146; 
4; 12; 0; 1; 696; 
9; 9; 0; 1; 552; 
5; 26; 0; 1; 618; 
25; 11; 0; 1; 68; 
6; 27; 0; 1; 207; 
22; 28; 0; 1; 253; 
6; 14; 0; 1; 242; 
24; 16; 0; 1; 360; 
3; 18; 0; 1; 590; 
0; 0; 792; 8; 
1; 0; 286; 8; 
2; 0; 1139; 14; 
3; 0; 411; 14; 
4; 0; 1381; 9; 
5; 0; 1194; 13; 
6; 0; 354; 14; 
7; 0; 1088; 12; 
8; 0; 33; 11; 
9; 0; 891; 9; 
10; 0; 102; 13; 
11; 0; 804; 5; 
12; 0; 693; 10; 
13; 0; 587; 7; 
14; 0; 1003; 13; 
15; 0; 104; 12; 
16; 0; 746; 8; 
17; 0; 104; 11; 
18; 0; 1412; 7; 
19; 0; 693; 13; 
20; 0; 1538; 8; 
21; 0; 44; 9; 
22; 0; 1128; 9; 
23; 0; 592; 9; 
24; 0; 1052; 13; 
*** EOF ***