**** 4 ****
100
12; 21; 0; 1; 478; 
14; 9; 0; 1; 688; 
2; 1; 0; 1; 441; 
18; 28; 0; 1; 552; 
28; 25; 0; 1; 577; 
11; 28; 0; 1; 437; 
20; 9; 0; 1; 206; 
7; 10; 0; 1; 3; 
6; 14; 0; 1; 693; 
25; 25; 0; 1; 169; 
12; 1; 0; 1; 76; 
16; 8; 0; 1; 87; 
29; 30; 0; 1; 155; 
11; 3; 0; 1; 65; 
14; 13; 0; 1; 417; 
15; 11; 0; 1; 665; 
2; 7; 0; 1; 343; 
29; 5; 0; 1; 214; 
26; 17; 0; 1; 415; 
30; 8; 0; 1; 280; 
23; 1; 0; 1; 246; 
17; 13; 0; 1; 189; 
2; 29; 0; 1; 531; 
9; 24; 0; 1; 575; 
21; 8; 0; 1; 10; 
2; 13; 0; 1; 142; 
12; 13; 0; 1; 563; 
11; 22; 0; 1; 393; 
25; 19; 0; 1; 390; 
15; 20; 0; 1; 168; 
22; 3; 0; 1; 506; 
2; 13; 0; 1; 99; 
22; 20; 0; 1; 394; 
21; 20; 0; 1; 525; 
14; 10; 0; 1; 622; 
10; 23; 0; 1; 274; 
21; 18; 0; 1; 668; 
1; 14; 0; 1; 512; 
22; 26; 0; 1; 250; 
24; 6; 0; 1; 510; 
20; 6; 0; 1; 398; 
4; 3; 0; 1; 143; 
21; 2; 0; 1; 182; 
16; 13; 0; 1; 576; 
12; 25; 0; 1; 126; 
11; 2; 0; 1; 174; 
12; 20; 0; 1; 632; 
5; 22; 0; 1; 75; 
13; 3; 0; 1; 64; 
10; 14; 0; 1; 657; 
10; 27; 0; 1; 356; 
2; 22; 0; 1; 367; 
7; 28; 0; 1; 163; 
6; 10; 0; 1; 172; 
2; 8; 0; 1; 274; 
24; 16; 0; 1; 464; 
6; 17; 0; 1; 67; 
22; 3; 0; 1; 303; 
13; 6; 0; 1; 56; 
10; 22; 0; 1; 210; 
2; 7; 0; 1; 364; 
15; 27; 0; 1; 260; 
4; 30; 0; 1; 387; 
6; 25; 0; 1; 550; 
12; 4; 0; 1; 18; 
9; 21; 0; 1; 259; 
2; 8; 0; 1; 31; 
22; 18; 0; 1; 446; 
22; 16; 0; 1; 209; 
5; 7; 0; 1; 40; 
26; 25; 0; 1; 163; 
17; 11; 0; 1; 560; 
27; 14; 0; 1; 414; 
25; 27; 0; 1; 453; 
16; 23; 0; 1; 369; 
8; 7; 0; 1; 124; 
28; 26; 0; 1; 488; 
26; 1; 0; 1; 315; 
10; 19; 0; 1; 493; 
27; 4; 0; 1; 70; 
28; 2; 0; 1; 71; 
20; 17; 0; 1; 229; 
1; 23; 0; 1; 373; 
6; 14; 0; 1; 69; 
2; 1; 0; 1; 118; 
3; 7; 0; 1; 670; 
7; 30; 0; 1; 155; 
27; 21; 0; 1; 279; 
1; 1; 0; 1; 152; 
16; 23; 0; 1; 56; 
9; 2; 0; 1; 250; 
22; 27; 0; 1; 33; 
5; 22; 0; 1; 205; 
22; 26; 0; 1; 142; 
21; 15; 0; 1; 601; 
12; 7; 0; 1; 506; 
18; 18; 0; 1; 365; 
12; 6; 0; 1; 231; 
7; 7; 0; 1; 561; 
7; 20; 0; 1; 318; 
0; 0; 993; 13; 
1; 0; 332; 6; 
2; 0; 94; 6; 
3; 0; 913; 9; 
4; 0; 476; 8; 
5; 0; 5; 13; 
6; 0; 495; 5; 
7; 0; 1012; 11; 
8; 0; 1374; 11; 
9; 0; 766; 13; 
10; 0; 857; 5; 
11; 0; 896; 14; 
12; 0; 1333; 14; 
13; 0; 900; 8; 
14; 0; 1210; 9; 
15; 0; 917; 8; 
16; 0; 598; 5; 
17; 0; 904; 7; 
18; 0; 19; 5; 
19; 0; 129; 5; 
20; 0; 598; 6; 
21; 0; 122; 5; 
22; 0; 342; 14; 
23; 0; 1356; 7; 
24; 0; 623; 7; 
*** EOF ***