**** 40 ****
100
20; 24; 0; 1; 166; 
24; 26; 0; 1; 248; 
4; 19; 0; 1; 409; 
1; 28; 0; 1; 516; 
13; 10; 0; 1; 43; 
9; 13; 0; 1; 277; 
17; 15; 0; 1; 356; 
12; 28; 0; 1; 82; 
20; 27; 0; 1; 632; 
9; 27; 0; 1; 85; 
27; 26; 0; 1; 264; 
1; 19; 0; 1; 109; 
9; 9; 0; 1; 455; 
7; 12; 0; 1; 60; 
4; 27; 0; 1; 414; 
15; 1; 0; 1; 229; 
3; 17; 0; 1; 369; 
7; 8; 0; 1; 502; 
1; 29; 0; 1; 41; 
14; 5; 0; 1; 541; 
13; 2; 0; 1; 14; 
6; 8; 0; 1; 381; 
19; 23; 0; 1; 376; 
11; 24; 0; 1; 521; 
19; 5; 0; 1; 632; 
6; 5; 0; 1; 655; 
14; 9; 0; 1; 120; 
18; 16; 0; 1; 564; 
4; 7; 0; 1; 341; 
24; 30; 0; 1; 9; 
27; 8; 0; 1; 377; 
28; 6; 0; 1; 323; 
18; 14; 0; 1; 598; 
18; 1; 0; 1; 404; 
26; 7; 0; 1; 564; 
6; 21; 0; 1; 531; 
29; 6; 0; 1; 232; 
4; 17; 0; 1; 211; 
3; 5; 0; 1; 300; 
5; 5; 0; 1; 180; 
16; 13; 0; 1; 218; 
25; 1; 0; 1; 428; 
29; 24; 0; 1; 279; 
2; 17; 0; 1; 519; 
25; 11; 0; 1; 314; 
6; 13; 0; 1; 448; 
17; 27; 0; 1; 209; 
9; 14; 0; 1; 78; 
15; 19; 0; 1; 273; 
6; 10; 0; 1; 432; 
13; 18; 0; 1; 559; 
16; 14; 0; 1; 339; 
10; 5; 0; 1; 491; 
2; 27; 0; 1; 275; 
23; 18; 0; 1; 316; 
7; 9; 0; 1; 36; 
28; 16; 0; 1; 178; 
24; 12; 0; 1; 634; 
13; 14; 0; 1; 566; 
12; 30; 0; 1; 423; 
10; 16; 0; 1; 460; 
11; 29; 0; 1; 35; 
19; 10; 0; 1; 585; 
13; 1; 0; 1; 654; 
7; 28; 0; 1; 256; 
9; 18; 0; 1; 112; 
7; 1; 0; 1; 649; 
29; 28; 0; 1; 553; 
5; 4; 0; 1; 181; 
4; 19; 0; 1; 323; 
23; 1; 0; 1; 242; 
17; 9; 0; 1; 254; 
25; 8; 0; 1; 477; 
16; 16; 0; 1; 358; 
24; 27; 0; 1; 192; 
4; 7; 0; 1; 363; 
3; 8; 0; 1; 617; 
15; 29; 0; 1; 574; 
11; 12; 0; 1; 520; 
11; 25; 0; 1; 525; 
18; 16; 0; 1; 473; 
12; 24; 0; 1; 2; 
4; 18; 0; 1; 310; 
4; 9; 0; 1; 308; 
2; 29; 0; 1; 429; 
29; 19; 0; 1; 144; 
18; 21; 0; 1; 203; 
18; 6; 0; 1; 344; 
5; 1; 0; 1; 452; 
5; 20; 0; 1; 345; 
12; 26; 0; 1; 474; 
11; 24; 0; 1; 312; 
27; 2; 0; 1; 8; 
8; 3; 0; 1; 512; 
1; 11; 0; 1; 440; 
13; 8; 0; 1; 366; 
21; 8; 0; 1; 250; 
6; 24; 0; 1; 507; 
11; 10; 0; 1; 389; 
14; 9; 0; 1; 434; 
0; 0; 155; 12; 
1; 0; 416; 11; 
2; 0; 40; 13; 
3; 0; 661; 9; 
4; 0; 1112; 10; 
5; 0; 77; 12; 
6; 0; 1035; 12; 
7; 0; 663; 14; 
8; 0; 1220; 10; 
9; 0; 856; 9; 
10; 0; 385; 10; 
11; 0; 233; 14; 
12; 0; 589; 7; 
13; 0; 294; 5; 
14; 0; 391; 12; 
15; 0; 1047; 14; 
16; 0; 759; 8; 
17; 0; 916; 10; 
18; 0; 683; 14; 
19; 0; 516; 12; 
20; 0; 422; 14; 
21; 0; 56; 14; 
22; 0; 54; 11; 
23; 0; 980; 12; 
24; 0; 326; 8; 
*** EOF ***