**** 41 ****
100
4; 2; 0; 1; 550; 
13; 5; 0; 1; 128; 
21; 5; 0; 1; 364; 
6; 22; 0; 1; 748; 
25; 24; 0; 1; 697; 
8; 11; 0; 1; 724; 
19; 19; 0; 1; 634; 
4; 9; 0; 1; 303; 
5; 21; 0; 1; 228; 
8; 29; 0; 1; 129; 
28; 12; 0; 1; 650; 
28; 21; 0; 1; 162; 
15; 23; 0; 1; 108; 
5; 17; 0; 1; 296; 
4; 4; 0; 1; 270; 
5; 9; 0; 1; 193; 
17; 1; 0; 1; 140; 
13; 29; 0; 1; 61; 
17; 16; 0; 1; 451; 
10; 5; 0; 1; 680; 
23; 26; 0; 1; 327; 
24; 15; 0; 1; 511; 
20; 4; 0; 1; 136; 
6; 27; 0; 1; 611; 
5; 26; 0; 1; 340; 
19; 14; 0; 1; 378; 
29; 30; 0; 1; 702; 
11; 12; 0; 1; 467; 
23; 24; 0; 1; 459; 
4; 17; 0; 1; 473; 
11; 12; 0; 1; 338; 
22; 19; 0; 1; 521; 
4; 13; 0; 1; 329; 
22; 28; 0; 1; 314; 
17; 9; 0; 1; 79; 
12; 30; 0; 1; 748; 
30; 11; 0; 1; 404; 
10; 10; 0; 1; 158; 
12; 9; 0; 1; 472; 
30; 12; 0; 1; 502; 
11; 12; 0; 1; 356; 
27; 29; 0; 1; 661; 
2; 25; 0; 1; 58; 
3; 18; 0; 1; 639; 
19; 13; 0; 1; 160; 
28; 23; 0; 1; 290; 
11; 19; 0; 1; 613; 
11; 25; 0; 1; 227; 
22; 29; 0; 1; 118; 
17; 6; 0; 1; 735; 
22; 2; 0; 1; 689; 
15; 15; 0; 1; 214; 
14; 12; 0; 1; 528; 
18; 3; 0; 1; 577; 
2; 6; 0; 1; 483; 
28; 3; 0; 1; 698; 
11; 18; 0; 1; 572; 
1; 18; 0; 1; 340; 
19; 13; 0; 1; 544; 
23; 26; 0; 1; 470; 
19; 1; 0; 1; 105; 
24; 1; 0; 1; 550; 
15; 18; 0; 1; 169; 
3; 8; 0; 1; 87; 
3; 18; 0; 1; 716; 
6; 2; 0; 1; 706; 
17; 2; 0; 1; 554; 
18; 27; 0; 1; 195; 
3; 5; 0; 1; 323; 
5; 12; 0; 1; 317; 
16; 26; 0; 1; 584; 
30; 22; 0; 1; 13; 
26; 20; 0; 1; 553; 
1; 20; 0; 1; 115; 
30; 20; 0; 1; 586; 
24; 18; 0; 1; 195; 
3; 12; 0; 1; 523; 
28; 20; 0; 1; 214; 
29; 3; 0; 1; 343; 
11; 1; 0; 1; 59; 
9; 11; 0; 1; 585; 
13; 5; 0; 1; 580; 
17; 22; 0; 1; 408; 
25; 23; 0; 1; 168; 
28; 10; 0; 1; 448; 
15; 26; 0; 1; 449; 
25; 8; 0; 1; 586; 
18; 2; 0; 1; 95; 
6; 26; 0; 1; 156; 
19; 13; 0; 1; 170; 
20; 27; 0; 1; 257; 
11; 7; 0; 1; 32; 
8; 8; 0; 1; 104; 
14; 17; 0; 1; 272; 
18; 27; 0; 1; 123; 
11; 7; 0; 1; 445; 
18; 27; 0; 1; 317; 
1; 1; 0; 1; 606; 
20; 17; 0; 1; 219; 
8; 6; 0; 1; 644; 
0; 0; 1083; 14; 
1; 0; 108; 5; 
2; 0; 1124; 7; 
3; 0; 148; 14; 
4; 0; 562; 8; 
5; 0; 634; 10; 
6; 0; 1111; 10; 
7; 0; 869; 10; 
8; 0; 1152; 10; 
9; 0; 1482; 5; 
10; 0; 654; 5; 
11; 0; 384; 12; 
12; 0; 1035; 8; 
13; 0; 794; 13; 
14; 0; 1107; 8; 
15; 0; 517; 9; 
16; 0; 814; 7; 
17; 0; 972; 5; 
18; 0; 1133; 11; 
19; 0; 660; 7; 
20; 0; 875; 5; 
21; 0; 1308; 6; 
22; 0; 1126; 8; 
23; 0; 730; 14; 
24; 0; 1263; 9; 
*** EOF ***