**** 42 ****
100
23; 4; 0; 1; 361; 
17; 18; 0; 1; 212; 
22; 20; 0; 1; 319; 
29; 17; 0; 1; 223; 
9; 14; 0; 1; 564; 
5; 27; 0; 1; 129; 
2; 6; 0; 1; 25; 
9; 25; 0; 1; 201; 
26; 2; 0; 1; 523; 
4; 10; 0; 1; 599; 
7; 8; 0; 1; 603; 
11; 9; 0; 1; 625; 
26; 19; 0; 1; 454; 
11; 3; 0; 1; 259; 
26; 18; 0; 1; 483; 
14; 24; 0; 1; 129; 
23; 14; 0; 1; 49; 
26; 18; 0; 1; 520; 
20; 10; 0; 1; 447; 
6; 9; 0; 1; 591; 
14; 5; 0; 1; 39; 
24; 24; 0; 1; 372; 
15; 23; 0; 1; 558; 
5; 25; 0; 1; 149; 
21; 20; 0; 1; 611; 
5; 2; 0; 1; 128; 
30; 19; 0; 1; 219; 
1; 2; 0; 1; 331; 
17; 2; 0; 1; 696; 
10; 26; 0; 1; 717; 
4; 14; 0; 1; 173; 
4; 7; 0; 1; 82; 
8; 13; 0; 1; 328; 
8; 4; 0; 1; 22; 
28; 1; 0; 1; 608; 
12; 1; 0; 1; 723; 
24; 29; 0; 1; 732; 
29; 30; 0; 1; 424; 
2; 12; 0; 1; 538; 
29; 26; 0; 1; 538; 
25; 20; 0; 1; 498; 
10; 15; 0; 1; 545; 
30; 6; 0; 1; 294; 
13; 30; 0; 1; 649; 
10; 21; 0; 1; 767; 
30; 10; 0; 1; 180; 
24; 16; 0; 1; 586; 
17; 20; 0; 1; 313; 
20; 21; 0; 1; 344; 
26; 12; 0; 1; 577; 
10; 30; 0; 1; 302; 
1; 15; 0; 1; 73; 
28; 6; 0; 1; 538; 
8; 30; 0; 1; 578; 
6; 22; 0; 1; 590; 
1; 15; 0; 1; 153; 
3; 16; 0; 1; 304; 
27; 18; 0; 1; 341; 
23; 9; 0; 1; 347; 
16; 10; 0; 1; 239; 
26; 4; 0; 1; 620; 
22; 6; 0; 1; 745; 
22; 10; 0; 1; 668; 
5; 18; 0; 1; 19; 
2; 17; 0; 1; 452; 
29; 26; 0; 1; 457; 
8; 24; 0; 1; 60; 
13; 20; 0; 1; 238; 
8; 30; 0; 1; 195; 
14; 28; 0; 1; 458; 
26; 23; 0; 1; 704; 
2; 7; 0; 1; 374; 
12; 3; 0; 1; 464; 
15; 23; 0; 1; 680; 
19; 15; 0; 1; 467; 
21; 24; 0; 1; 721; 
24; 13; 0; 1; 134; 
8; 7; 0; 1; 412; 
11; 15; 0; 1; 190; 
4; 23; 0; 1; 243; 
4; 24; 0; 1; 406; 
13; 23; 0; 1; 383; 
22; 17; 0; 1; 474; 
20; 7; 0; 1; 347; 
21; 29; 0; 1; 274; 
8; 25; 0; 1; 107; 
26; 15; 0; 1; 387; 
11; 20; 0; 1; 776; 
9; 8; 0; 1; 209; 
14; 14; 0; 1; 8; 
22; 9; 0; 1; 9; 
12; 5; 0; 1; 263; 
29; 8; 0; 1; 394; 
24; 5; 0; 1; 258; 
28; 28; 0; 1; 128; 
20; 22; 0; 1; 228; 
11; 19; 0; 1; 306; 
16; 18; 0; 1; 614; 
10; 8; 0; 1; 708; 
13; 16; 0; 1; 664; 
0; 0; 955; 8; 
1; 0; 868; 6; 
2; 0; 1517; 7; 
3; 0; 35; 7; 
4; 0; 1141; 8; 
5; 0; 41; 11; 
6; 0; 762; 8; 
7; 0; 314; 5; 
8; 0; 1531; 6; 
9; 0; 1236; 10; 
10; 0; 129; 6; 
11; 0; 295; 6; 
12; 0; 695; 13; 
13; 0; 1245; 5; 
14; 0; 1298; 11; 
15; 0; 1124; 11; 
16; 0; 1040; 10; 
17; 0; 570; 12; 
18; 0; 22; 5; 
19; 0; 1392; 8; 
20; 0; 1534; 10; 
21; 0; 248; 11; 
22; 0; 111; 6; 
23; 0; 608; 5; 
24; 0; 400; 7; 
*** EOF ***