**** 43 ****
100
1; 21; 0; 1; 526; 
7; 17; 0; 1; 265; 
30; 21; 0; 1; 665; 
29; 9; 0; 1; 43; 
26; 11; 0; 1; 174; 
22; 3; 0; 1; 707; 
18; 22; 0; 1; 345; 
10; 1; 0; 1; 407; 
5; 8; 0; 1; 351; 
5; 23; 0; 1; 367; 
19; 14; 0; 1; 463; 
25; 19; 0; 1; 528; 
30; 5; 0; 1; 723; 
10; 27; 0; 1; 128; 
18; 22; 0; 1; 412; 
1; 14; 0; 1; 720; 
12; 24; 0; 1; 429; 
23; 19; 0; 1; 512; 
16; 27; 0; 1; 479; 
11; 3; 0; 1; 255; 
23; 8; 0; 1; 126; 
16; 10; 0; 1; 362; 
6; 14; 0; 1; 284; 
14; 18; 0; 1; 667; 
4; 27; 0; 1; 547; 
11; 26; 0; 1; 283; 
24; 14; 0; 1; 285; 
21; 18; 0; 1; 502; 
9; 8; 0; 1; 426; 
22; 13; 0; 1; 470; 
27; 9; 0; 1; 414; 
11; 5; 0; 1; 689; 
24; 25; 0; 1; 27; 
22; 23; 0; 1; 159; 
27; 1; 0; 1; 651; 
17; 17; 0; 1; 408; 
23; 19; 0; 1; 629; 
21; 2; 0; 1; 353; 
13; 4; 0; 1; 544; 
15; 5; 0; 1; 28; 
2; 28; 0; 1; 125; 
6; 25; 0; 1; 145; 
19; 14; 0; 1; 102; 
13; 25; 0; 1; 539; 
3; 21; 0; 1; 16; 
10; 13; 0; 1; 122; 
11; 7; 0; 1; 58; 
3; 6; 0; 1; 164; 
15; 23; 0; 1; 601; 
7; 18; 0; 1; 433; 
23; 24; 0; 1; 41; 
1; 24; 0; 1; 212; 
1; 17; 0; 1; 593; 
7; 19; 0; 1; 502; 
13; 5; 0; 1; 104; 
20; 11; 0; 1; 297; 
6; 13; 0; 1; 498; 
20; 22; 0; 1; 166; 
20; 22; 0; 1; 111; 
28; 30; 0; 1; 493; 
22; 7; 0; 1; 534; 
26; 4; 0; 1; 125; 
20; 22; 0; 1; 98; 
24; 21; 0; 1; 259; 
12; 30; 0; 1; 723; 
10; 21; 0; 1; 193; 
12; 22; 0; 1; 177; 
5; 30; 0; 1; 63; 
2; 15; 0; 1; 275; 
30; 9; 0; 1; 146; 
9; 1; 0; 1; 689; 
29; 22; 0; 1; 395; 
11; 3; 0; 1; 395; 
21; 29; 0; 1; 403; 
27; 29; 0; 1; 682; 
13; 21; 0; 1; 163; 
10; 5; 0; 1; 59; 
6; 12; 0; 1; 217; 
25; 12; 0; 1; 677; 
5; 4; 0; 1; 183; 
2; 6; 0; 1; 58; 
13; 30; 0; 1; 550; 
4; 2; 0; 1; 229; 
2; 4; 0; 1; 472; 
4; 10; 0; 1; 646; 
3; 26; 0; 1; 630; 
27; 14; 0; 1; 159; 
7; 29; 0; 1; 543; 
5; 1; 0; 1; 504; 
29; 18; 0; 1; 368; 
16; 29; 0; 1; 625; 
23; 22; 0; 1; 164; 
3; 9; 0; 1; 29; 
1; 5; 0; 1; 668; 
3; 19; 0; 1; 71; 
27; 8; 0; 1; 688; 
11; 14; 0; 1; 56; 
12; 27; 0; 1; 317; 
19; 11; 0; 1; 69; 
20; 5; 0; 1; 636; 
0; 0; 1153; 9; 
1; 0; 755; 8; 
2; 0; 1113; 5; 
3; 0; 253; 12; 
4; 0; 602; 13; 
5; 0; 760; 8; 
6; 0; 1416; 13; 
7; 0; 575; 10; 
8; 0; 145; 9; 
9; 0; 597; 8; 
10; 0; 1288; 13; 
11; 0; 1413; 8; 
12; 0; 298; 11; 
13; 0; 1155; 9; 
14; 0; 341; 5; 
15; 0; 550; 12; 
16; 0; 1070; 13; 
17; 0; 1389; 11; 
18; 0; 1354; 10; 
19; 0; 1196; 11; 
20; 0; 93; 7; 
21; 0; 425; 11; 
22; 0; 472; 11; 
23; 0; 155; 6; 
24; 0; 438; 12; 
*** EOF ***