**** 44 ****
100
21; 21; 0; 1; 545; 
21; 2; 0; 1; 492; 
17; 1; 0; 1; 42; 
19; 5; 0; 1; 12; 
23; 4; 0; 1; 403; 
13; 13; 0; 1; 556; 
29; 7; 0; 1; 400; 
14; 27; 0; 1; 50; 
21; 7; 0; 1; 190; 
5; 17; 0; 1; 244; 
5; 18; 0; 1; 656; 
7; 22; 0; 1; 53; 
25; 27; 0; 1; 723; 
5; 4; 0; 1; 215; 
20; 8; 0; 1; 184; 
7; 11; 0; 1; 513; 
16; 4; 0; 1; 115; 
28; 22; 0; 1; 232; 
7; 7; 0; 1; 200; 
10; 18; 0; 1; 10; 
11; 13; 0; 1; 491; 
15; 24; 0; 1; 196; 
29; 20; 0; 1; 401; 
6; 16; 0; 1; 173; 
13; 24; 0; 1; 439; 
28; 9; 0; 1; 73; 
22; 5; 0; 1; 177; 
15; 7; 0; 1; 314; 
17; 12; 0; 1; 252; 
13; 17; 0; 1; 447; 
3; 1; 0; 1; 741; 
1; 9; 0; 1; 160; 
10; 23; 0; 1; 625; 
11; 29; 0; 1; 199; 
12; 25; 0; 1; 151; 
27; 8; 0; 1; 227; 
19; 13; 0; 1; 227; 
18; 18; 0; 1; 437; 
11; 2; 0; 1; 432; 
4; 29; 0; 1; 400; 
25; 17; 0; 1; 134; 
9; 16; 0; 1; 509; 
2; 11; 0; 1; 279; 
18; 13; 0; 1; 534; 
20; 13; 0; 1; 127; 
12; 18; 0; 1; 535; 
11; 26; 0; 1; 68; 
22; 30; 0; 1; 645; 
6; 9; 0; 1; 454; 
19; 1; 0; 1; 585; 
20; 21; 0; 1; 739; 
21; 27; 0; 1; 498; 
2; 1; 0; 1; 742; 
26; 16; 0; 1; 335; 
25; 5; 0; 1; 384; 
26; 12; 0; 1; 390; 
24; 16; 0; 1; 217; 
3; 12; 0; 1; 100; 
10; 25; 0; 1; 384; 
14; 26; 0; 1; 613; 
22; 8; 0; 1; 559; 
29; 17; 0; 1; 581; 
22; 19; 0; 1; 631; 
13; 4; 0; 1; 305; 
8; 30; 0; 1; 581; 
24; 6; 0; 1; 592; 
20; 5; 0; 1; 178; 
30; 4; 0; 1; 296; 
5; 17; 0; 1; 158; 
4; 25; 0; 1; 403; 
7; 7; 0; 1; 164; 
15; 16; 0; 1; 414; 
23; 1; 0; 1; 331; 
4; 29; 0; 1; 685; 
17; 26; 0; 1; 380; 
28; 18; 0; 1; 353; 
30; 14; 0; 1; 553; 
3; 29; 0; 1; 363; 
17; 16; 0; 1; 567; 
6; 9; 0; 1; 382; 
11; 27; 0; 1; 237; 
28; 4; 0; 1; 305; 
11; 16; 0; 1; 57; 
7; 13; 0; 1; 191; 
17; 18; 0; 1; 162; 
15; 19; 0; 1; 327; 
10; 17; 0; 1; 18; 
24; 21; 0; 1; 337; 
12; 26; 0; 1; 733; 
4; 25; 0; 1; 94; 
1; 18; 0; 1; 80; 
8; 25; 0; 1; 267; 
19; 18; 0; 1; 73; 
26; 2; 0; 1; 192; 
2; 16; 0; 1; 366; 
12; 13; 0; 1; 545; 
9; 11; 0; 1; 295; 
14; 23; 0; 1; 319; 
27; 16; 0; 1; 239; 
13; 28; 0; 1; 161; 
0; 0; 1360; 13; 
1; 0; 655; 10; 
2; 0; 1006; 12; 
3; 0; 18; 13; 
4; 0; 535; 13; 
5; 0; 1216; 8; 
6; 0; 381; 5; 
7; 0; 1167; 14; 
8; 0; 309; 9; 
9; 0; 1174; 8; 
10; 0; 624; 14; 
11; 0; 493; 5; 
12; 0; 78; 6; 
13; 0; 831; 6; 
14; 0; 866; 5; 
15; 0; 751; 7; 
16; 0; 1314; 12; 
17; 0; 691; 5; 
18; 0; 1190; 11; 
19; 0; 544; 10; 
20; 0; 1469; 11; 
21; 0; 1214; 14; 
22; 0; 365; 7; 
23; 0; 373; 14; 
24; 0; 483; 7; 
*** EOF ***