**** 45 ****
100
18; 10; 0; 1; 503; 
15; 1; 0; 1; 315; 
2; 6; 0; 1; 656; 
18; 12; 0; 1; 402; 
7; 8; 0; 1; 458; 
12; 1; 0; 1; 321; 
8; 8; 0; 1; 668; 
19; 15; 0; 1; 642; 
15; 15; 0; 1; 592; 
17; 16; 0; 1; 730; 
13; 26; 0; 1; 97; 
26; 20; 0; 1; 442; 
18; 9; 0; 1; 331; 
15; 10; 0; 1; 701; 
12; 30; 0; 1; 237; 
27; 14; 0; 1; 509; 
18; 30; 0; 1; 318; 
9; 11; 0; 1; 252; 
19; 5; 0; 1; 601; 
29; 27; 0; 1; 697; 
19; 19; 0; 1; 154; 
9; 21; 0; 1; 723; 
22; 30; 0; 1; 554; 
16; 29; 0; 1; 310; 
19; 20; 0; 1; 115; 
21; 25; 0; 1; 243; 
1; 11; 0; 1; 371; 
8; 11; 0; 1; 272; 
8; 7; 0; 1; 490; 
30; 1; 0; 1; 207; 
14; 26; 0; 1; 250; 
12; 28; 0; 1; 725; 
1; 13; 0; 1; 620; 
18; 7; 0; 1; 227; 
8; 10; 0; 1; 151; 
23; 12; 0; 1; 232; 
14; 9; 0; 1; 372; 
14; 16; 0; 1; 89; 
13; 22; 0; 1; 699; 
1; 14; 0; 1; 646; 
24; 4; 0; 1; 542; 
27; 16; 0; 1; 179; 
22; 30; 0; 1; 53; 
17; 3; 0; 1; 436; 
25; 8; 0; 1; 41; 
17; 3; 0; 1; 155; 
16; 21; 0; 1; 564; 
13; 18; 0; 1; 491; 
30; 6; 0; 1; 350; 
9; 30; 0; 1; 5; 
6; 26; 0; 1; 26; 
18; 13; 0; 1; 624; 
9; 16; 0; 1; 609; 
18; 28; 0; 1; 200; 
5; 17; 0; 1; 119; 
4; 19; 0; 1; 179; 
26; 3; 0; 1; 639; 
30; 6; 0; 1; 465; 
28; 11; 0; 1; 258; 
24; 4; 0; 1; 421; 
17; 24; 0; 1; 749; 
18; 17; 0; 1; 63; 
16; 2; 0; 1; 161; 
11; 18; 0; 1; 516; 
6; 25; 0; 1; 378; 
2; 14; 0; 1; 212; 
17; 23; 0; 1; 701; 
25; 6; 0; 1; 539; 
30; 30; 0; 1; 197; 
18; 30; 0; 1; 161; 
6; 10; 0; 1; 551; 
17; 30; 0; 1; 473; 
15; 29; 0; 1; 593; 
18; 16; 0; 1; 71; 
11; 18; 0; 1; 732; 
21; 4; 0; 1; 743; 
13; 14; 0; 1; 712; 
14; 20; 0; 1; 568; 
14; 4; 0; 1; 404; 
6; 3; 0; 1; 762; 
2; 17; 0; 1; 765; 
15; 3; 0; 1; 589; 
14; 1; 0; 1; 168; 
30; 15; 0; 1; 178; 
2; 28; 0; 1; 773; 
30; 15; 0; 1; 107; 
17; 27; 0; 1; 90; 
17; 24; 0; 1; 337; 
3; 30; 0; 1; 79; 
8; 1; 0; 1; 596; 
15; 19; 0; 1; 337; 
18; 1; 0; 1; 25; 
6; 5; 0; 1; 530; 
28; 21; 0; 1; 50; 
11; 5; 0; 1; 133; 
13; 5; 0; 1; 89; 
3; 23; 0; 1; 297; 
28; 2; 0; 1; 747; 
15; 7; 0; 1; 614; 
25; 24; 0; 1; 122; 
0; 0; 410; 13; 
1; 0; 1234; 7; 
2; 0; 1224; 5; 
3; 0; 778; 8; 
4; 0; 881; 11; 
5; 0; 1295; 14; 
6; 0; 247; 12; 
7; 0; 207; 10; 
8; 0; 812; 12; 
9; 0; 494; 10; 
10; 0; 547; 10; 
11; 0; 1445; 14; 
12; 0; 1308; 7; 
13; 0; 1382; 6; 
14; 0; 165; 7; 
15; 0; 978; 8; 
16; 0; 892; 11; 
17; 0; 484; 6; 
18; 0; 120; 13; 
19; 0; 1352; 9; 
20; 0; 1122; 8; 
21; 0; 1288; 10; 
22; 0; 1060; 11; 
23; 0; 783; 13; 
24; 0; 1157; 5; 
*** EOF ***