**** 46 ****
100
5; 9; 0; 1; 104; 
3; 9; 0; 1; 532; 
27; 12; 0; 1; 118; 
3; 30; 0; 1; 577; 
12; 24; 0; 1; 35; 
26; 14; 0; 1; 488; 
29; 22; 0; 1; 611; 
9; 7; 0; 1; 283; 
9; 27; 0; 1; 454; 
1; 25; 0; 1; 381; 
9; 27; 0; 1; 461; 
1; 30; 0; 1; 580; 
13; 28; 0; 1; 33; 
14; 11; 0; 1; 249; 
6; 3; 0; 1; 181; 
14; 23; 0; 1; 40; 
24; 18; 0; 1; 712; 
14; 22; 0; 1; 270; 
30; 15; 0; 1; 79; 
9; 4; 0; 1; 62; 
25; 16; 0; 1; 75; 
29; 22; 0; 1; 484; 
14; 19; 0; 1; 146; 
6; 14; 0; 1; 325; 
6; 17; 0; 1; 704; 
1; 14; 0; 1; 97; 
24; 7; 0; 1; 480; 
25; 19; 0; 1; 521; 
4; 28; 0; 1; 395; 
28; 21; 0; 1; 471; 
4; 12; 0; 1; 640; 
5; 22; 0; 1; 504; 
9; 24; 0; 1; 655; 
4; 27; 0; 1; 634; 
8; 12; 0; 1; 551; 
17; 29; 0; 1; 476; 
30; 21; 0; 1; 239; 
27; 17; 0; 1; 460; 
5; 15; 0; 1; 341; 
4; 25; 0; 1; 453; 
12; 25; 0; 1; 302; 
2; 27; 0; 1; 455; 
21; 10; 0; 1; 219; 
20; 19; 0; 1; 132; 
9; 3; 0; 1; 228; 
27; 2; 0; 1; 423; 
1; 17; 0; 1; 122; 
24; 8; 0; 1; 118; 
13; 6; 0; 1; 369; 
4; 6; 0; 1; 545; 
8; 16; 0; 1; 182; 
25; 25; 0; 1; 347; 
2; 22; 0; 1; 540; 
24; 17; 0; 1; 548; 
18; 20; 0; 1; 602; 
5; 18; 0; 1; 98; 
13; 7; 0; 1; 709; 
23; 1; 0; 1; 379; 
2; 6; 0; 1; 230; 
27; 14; 0; 1; 195; 
12; 14; 0; 1; 73; 
14; 13; 0; 1; 379; 
28; 12; 0; 1; 499; 
28; 18; 0; 1; 136; 
30; 22; 0; 1; 67; 
11; 11; 0; 1; 511; 
16; 9; 0; 1; 278; 
1; 10; 0; 1; 201; 
21; 22; 0; 1; 303; 
25; 11; 0; 1; 702; 
24; 6; 0; 1; 195; 
14; 3; 0; 1; 435; 
9; 28; 0; 1; 330; 
26; 6; 0; 1; 518; 
5; 25; 0; 1; 601; 
6; 22; 0; 1; 36; 
25; 24; 0; 1; 53; 
21; 25; 0; 1; 583; 
22; 28; 0; 1; 619; 
5; 9; 0; 1; 133; 
30; 24; 0; 1; 40; 
10; 30; 0; 1; 558; 
13; 22; 0; 1; 495; 
7; 12; 0; 1; 292; 
9; 17; 0; 1; 516; 
3; 11; 0; 1; 236; 
6; 8; 0; 1; 703; 
8; 16; 0; 1; 717; 
4; 17; 0; 1; 161; 
23; 22; 0; 1; 243; 
29; 8; 0; 1; 621; 
19; 30; 0; 1; 37; 
9; 14; 0; 1; 150; 
4; 28; 0; 1; 77; 
22; 7; 0; 1; 4; 
11; 20; 0; 1; 99; 
25; 9; 0; 1; 630; 
3; 4; 0; 1; 248; 
19; 3; 0; 1; 345; 
30; 16; 0; 1; 459; 
0; 0; 1411; 6; 
1; 0; 582; 11; 
2; 0; 501; 5; 
3; 0; 485; 14; 
4; 0; 1369; 6; 
5; 0; 1092; 11; 
6; 0; 1137; 6; 
7; 0; 1327; 13; 
8; 0; 1186; 5; 
9; 0; 924; 5; 
10; 0; 1342; 9; 
11; 0; 736; 6; 
12; 0; 918; 5; 
13; 0; 772; 9; 
14; 0; 1142; 13; 
15; 0; 114; 8; 
16; 0; 1016; 7; 
17; 0; 782; 9; 
18; 0; 1037; 6; 
19; 0; 1308; 7; 
20; 0; 429; 13; 
21; 0; 281; 6; 
22; 0; 1295; 8; 
23; 0; 1083; 10; 
24; 0; 1269; 7; 
*** EOF ***