**** 47 ****
100
8; 8; 0; 1; 281; 
3; 10; 0; 1; 80; 
24; 22; 0; 1; 583; 
6; 7; 0; 1; 667; 
5; 12; 0; 1; 230; 
16; 5; 0; 1; 534; 
21; 16; 0; 1; 244; 
25; 11; 0; 1; 11; 
29; 26; 0; 1; 596; 
12; 27; 0; 1; 709; 
26; 9; 0; 1; 40; 
6; 25; 0; 1; 98; 
23; 16; 0; 1; 69; 
9; 16; 0; 1; 724; 
26; 6; 0; 1; 236; 
27; 10; 0; 1; 277; 
12; 18; 0; 1; 98; 
22; 25; 0; 1; 58; 
2; 30; 0; 1; 697; 
8; 25; 0; 1; 607; 
23; 21; 0; 1; 160; 
24; 2; 0; 1; 170; 
27; 30; 0; 1; 78; 
28; 22; 0; 1; 354; 
15; 1; 0; 1; 27; 
4; 5; 0; 1; 137; 
16; 27; 0; 1; 413; 
12; 25; 0; 1; 175; 
20; 13; 0; 1; 550; 
17; 22; 0; 1; 85; 
2; 26; 0; 1; 453; 
3; 19; 0; 1; 56; 
12; 14; 0; 1; 139; 
26; 20; 0; 1; 89; 
7; 9; 0; 1; 282; 
17; 6; 0; 1; 601; 
25; 3; 0; 1; 286; 
8; 2; 0; 1; 624; 
24; 7; 0; 1; 445; 
18; 1; 0; 1; 522; 
2; 28; 0; 1; 341; 
8; 18; 0; 1; 211; 
3; 26; 0; 1; 481; 
11; 3; 0; 1; 340; 
21; 2; 0; 1; 658; 
11; 1; 0; 1; 420; 
7; 21; 0; 1; 282; 
28; 25; 0; 1; 374; 
2; 19; 0; 1; 595; 
18; 5; 0; 1; 378; 
6; 22; 0; 1; 486; 
3; 23; 0; 1; 74; 
5; 11; 0; 1; 572; 
18; 18; 0; 1; 310; 
7; 12; 0; 1; 682; 
23; 8; 0; 1; 59; 
18; 14; 0; 1; 134; 
13; 10; 0; 1; 573; 
30; 30; 0; 1; 595; 
5; 1; 0; 1; 650; 
7; 1; 0; 1; 330; 
4; 12; 0; 1; 545; 
20; 16; 0; 1; 238; 
10; 1; 0; 1; 33; 
18; 1; 0; 1; 324; 
11; 10; 0; 1; 213; 
18; 8; 0; 1; 351; 
22; 5; 0; 1; 10; 
1; 30; 0; 1; 186; 
27; 17; 0; 1; 542; 
21; 20; 0; 1; 396; 
26; 2; 0; 1; 312; 
1; 19; 0; 1; 294; 
3; 30; 0; 1; 656; 
8; 27; 0; 1; 204; 
26; 8; 0; 1; 298; 
6; 10; 0; 1; 122; 
3; 21; 0; 1; 355; 
13; 11; 0; 1; 109; 
28; 15; 0; 1; 330; 
23; 11; 0; 1; 564; 
2; 2; 0; 1; 164; 
29; 4; 0; 1; 494; 
8; 4; 0; 1; 609; 
4; 6; 0; 1; 560; 
30; 15; 0; 1; 222; 
27; 22; 0; 1; 539; 
7; 7; 0; 1; 375; 
24; 14; 0; 1; 498; 
8; 23; 0; 1; 506; 
19; 23; 0; 1; 305; 
6; 2; 0; 1; 99; 
24; 12; 0; 1; 291; 
19; 19; 0; 1; 390; 
7; 7; 0; 1; 449; 
26; 24; 0; 1; 583; 
13; 5; 0; 1; 696; 
1; 18; 0; 1; 577; 
3; 1; 0; 1; 604; 
21; 16; 0; 1; 278; 
0; 0; 466; 5; 
1; 0; 510; 7; 
2; 0; 412; 14; 
3; 0; 855; 9; 
4; 0; 438; 6; 
5; 0; 1239; 7; 
6; 0; 791; 11; 
7; 0; 471; 10; 
8; 0; 563; 5; 
9; 0; 380; 6; 
10; 0; 249; 5; 
11; 0; 1149; 12; 
12; 0; 879; 10; 
13; 0; 718; 8; 
14; 0; 54; 7; 
15; 0; 625; 10; 
16; 0; 1360; 6; 
17; 0; 447; 14; 
18; 0; 448; 7; 
19; 0; 54; 9; 
20; 0; 68; 13; 
21; 0; 369; 6; 
22; 0; 1201; 11; 
23; 0; 1354; 6; 
24; 0; 472; 6; 
*** EOF ***