**** 48 ****
100
23; 10; 0; 1; 367; 
15; 15; 0; 1; 675; 
13; 8; 0; 1; 424; 
19; 26; 0; 1; 1; 
14; 9; 0; 1; 451; 
17; 11; 0; 1; 206; 
18; 17; 0; 1; 247; 
9; 12; 0; 1; 636; 
19; 19; 0; 1; 276; 
28; 16; 0; 1; 734; 
15; 18; 0; 1; 557; 
3; 5; 0; 1; 101; 
23; 29; 0; 1; 224; 
2; 2; 0; 1; 133; 
2; 27; 0; 1; 343; 
15; 7; 0; 1; 411; 
21; 6; 0; 1; 326; 
13; 15; 0; 1; 26; 
29; 13; 0; 1; 623; 
19; 26; 0; 1; 460; 
30; 20; 0; 1; 310; 
27; 23; 0; 1; 572; 
27; 15; 0; 1; 3; 
11; 13; 0; 1; 447; 
6; 13; 0; 1; 720; 
27; 28; 0; 1; 356; 
24; 13; 0; 1; 369; 
13; 3; 0; 1; 329; 
8; 7; 0; 1; 145; 
22; 26; 0; 1; 59; 
27; 5; 0; 1; 217; 
21; 12; 0; 1; 776; 
7; 18; 0; 1; 233; 
25; 3; 0; 1; 709; 
21; 1; 0; 1; 468; 
7; 5; 0; 1; 622; 
7; 26; 0; 1; 551; 
13; 17; 0; 1; 281; 
1; 12; 0; 1; 186; 
12; 15; 0; 1; 622; 
26; 5; 0; 1; 629; 
28; 7; 0; 1; 375; 
1; 17; 0; 1; 127; 
2; 6; 0; 1; 572; 
8; 26; 0; 1; 320; 
27; 29; 0; 1; 549; 
26; 22; 0; 1; 423; 
29; 15; 0; 1; 188; 
23; 3; 0; 1; 88; 
4; 4; 0; 1; 485; 
25; 10; 0; 1; 265; 
5; 13; 0; 1; 411; 
9; 30; 0; 1; 534; 
3; 21; 0; 1; 622; 
4; 13; 0; 1; 720; 
13; 25; 0; 1; 601; 
5; 28; 0; 1; 531; 
8; 21; 0; 1; 669; 
22; 26; 0; 1; 580; 
23; 10; 0; 1; 371; 
13; 29; 0; 1; 173; 
21; 8; 0; 1; 23; 
13; 26; 0; 1; 72; 
10; 5; 0; 1; 380; 
21; 25; 0; 1; 76; 
7; 3; 0; 1; 446; 
14; 15; 0; 1; 156; 
22; 26; 0; 1; 403; 
30; 2; 0; 1; 579; 
15; 15; 0; 1; 551; 
3; 16; 0; 1; 562; 
6; 30; 0; 1; 709; 
9; 6; 0; 1; 394; 
28; 12; 0; 1; 308; 
9; 1; 0; 1; 518; 
15; 23; 0; 1; 352; 
26; 25; 0; 1; 273; 
18; 4; 0; 1; 642; 
21; 25; 0; 1; 126; 
1; 2; 0; 1; 481; 
12; 15; 0; 1; 639; 
18; 20; 0; 1; 577; 
25; 17; 0; 1; 713; 
15; 11; 0; 1; 522; 
15; 12; 0; 1; 615; 
23; 18; 0; 1; 235; 
3; 24; 0; 1; 516; 
13; 12; 0; 1; 524; 
14; 19; 0; 1; 412; 
30; 1; 0; 1; 11; 
16; 1; 0; 1; 103; 
17; 16; 0; 1; 84; 
11; 20; 0; 1; 587; 
12; 1; 0; 1; 532; 
26; 3; 0; 1; 679; 
15; 7; 0; 1; 637; 
5; 14; 0; 1; 207; 
12; 16; 0; 1; 491; 
16; 24; 0; 1; 292; 
9; 24; 0; 1; 387; 
0; 0; 1318; 10; 
1; 0; 832; 7; 
2; 0; 975; 11; 
3; 0; 1062; 6; 
4; 0; 1154; 7; 
5; 0; 1489; 6; 
6; 0; 1122; 11; 
7; 0; 1293; 13; 
8; 0; 467; 11; 
9; 0; 1012; 14; 
10; 0; 1307; 12; 
11; 0; 745; 12; 
12; 0; 61; 7; 
13; 0; 666; 10; 
14; 0; 820; 14; 
15; 0; 632; 10; 
16; 0; 674; 10; 
17; 0; 689; 9; 
18; 0; 1393; 13; 
19; 0; 862; 10; 
20; 0; 30; 12; 
21; 0; 719; 8; 
22; 0; 1074; 7; 
23; 0; 1041; 14; 
24; 0; 1094; 7; 
*** EOF ***