**** 49 ****
100
14; 12; 0; 1; 85; 
13; 2; 0; 1; 502; 
14; 22; 0; 1; 454; 
13; 1; 0; 1; 53; 
27; 18; 0; 1; 347; 
25; 19; 0; 1; 11; 
27; 5; 0; 1; 495; 
19; 22; 0; 1; 738; 
4; 15; 0; 1; 379; 
24; 8; 0; 1; 49; 
23; 10; 0; 1; 315; 
10; 27; 0; 1; 353; 
13; 21; 0; 1; 73; 
7; 2; 0; 1; 589; 
26; 8; 0; 1; 612; 
12; 20; 0; 1; 639; 
12; 30; 0; 1; 585; 
13; 2; 0; 1; 636; 
10; 15; 0; 1; 538; 
20; 4; 0; 1; 44; 
23; 23; 0; 1; 501; 
3; 23; 0; 1; 267; 
19; 14; 0; 1; 34; 
6; 6; 0; 1; 75; 
2; 5; 0; 1; 122; 
10; 17; 0; 1; 591; 
8; 9; 0; 1; 293; 
16; 17; 0; 1; 461; 
28; 15; 0; 1; 187; 
4; 18; 0; 1; 598; 
29; 19; 0; 1; 794; 
24; 3; 0; 1; 238; 
30; 24; 0; 1; 754; 
14; 29; 0; 1; 660; 
23; 10; 0; 1; 310; 
25; 1; 0; 1; 704; 
12; 15; 0; 1; 443; 
26; 9; 0; 1; 257; 
28; 12; 0; 1; 279; 
14; 3; 0; 1; 471; 
17; 17; 0; 1; 260; 
10; 13; 0; 1; 600; 
23; 15; 0; 1; 610; 
29; 29; 0; 1; 65; 
20; 6; 0; 1; 375; 
2; 18; 0; 1; 522; 
24; 10; 0; 1; 323; 
8; 25; 0; 1; 461; 
22; 19; 0; 1; 657; 
25; 17; 0; 1; 271; 
30; 12; 0; 1; 756; 
7; 25; 0; 1; 182; 
8; 28; 0; 1; 378; 
28; 14; 0; 1; 793; 
5; 28; 0; 1; 473; 
25; 30; 0; 1; 34; 
28; 7; 0; 1; 715; 
28; 20; 0; 1; 475; 
13; 25; 0; 1; 637; 
13; 23; 0; 1; 62; 
26; 17; 0; 1; 14; 
9; 12; 0; 1; 359; 
24; 7; 0; 1; 99; 
4; 30; 0; 1; 126; 
1; 10; 0; 1; 281; 
15; 2; 0; 1; 406; 
4; 3; 0; 1; 290; 
8; 13; 0; 1; 64; 
21; 25; 0; 1; 243; 
16; 18; 0; 1; 573; 
22; 7; 0; 1; 520; 
8; 17; 0; 1; 332; 
17; 12; 0; 1; 233; 
18; 18; 0; 1; 709; 
13; 3; 0; 1; 505; 
24; 4; 0; 1; 47; 
17; 23; 0; 1; 387; 
10; 18; 0; 1; 490; 
15; 19; 0; 1; 726; 
1; 17; 0; 1; 30; 
15; 19; 0; 1; 49; 
25; 14; 0; 1; 14; 
18; 15; 0; 1; 743; 
7; 3; 0; 1; 590; 
14; 29; 0; 1; 606; 
2; 13; 0; 1; 666; 
13; 7; 0; 1; 134; 
17; 25; 0; 1; 287; 
22; 16; 0; 1; 364; 
25; 3; 0; 1; 267; 
22; 26; 0; 1; 408; 
3; 3; 0; 1; 194; 
9; 30; 0; 1; 340; 
17; 26; 0; 1; 472; 
16; 6; 0; 1; 589; 
28; 29; 0; 1; 262; 
6; 30; 0; 1; 730; 
27; 23; 0; 1; 593; 
18; 26; 0; 1; 46; 
9; 4; 0; 1; 219; 
0; 0; 418; 13; 
1; 0; 717; 14; 
2; 0; 1598; 9; 
3; 0; 29; 6; 
4; 0; 586; 13; 
5; 0; 663; 11; 
6; 0; 507; 10; 
7; 0; 66; 10; 
8; 0; 1121; 14; 
9; 0; 1262; 9; 
10; 0; 954; 13; 
11; 0; 1377; 10; 
12; 0; 169; 8; 
13; 0; 1073; 9; 
14; 0; 1492; 11; 
15; 0; 1257; 11; 
16; 0; 514; 7; 
17; 0; 516; 11; 
18; 0; 1452; 11; 
19; 0; 758; 8; 
20; 0; 1184; 13; 
21; 0; 1345; 14; 
22; 0; 373; 13; 
23; 0; 925; 14; 
24; 0; 675; 8; 
*** EOF ***