**** 5 ****
100
22; 16; 0; 1; 378; 
3; 13; 0; 1; 464; 
17; 15; 0; 1; 261; 
28; 29; 0; 1; 104; 
30; 4; 0; 1; 87; 
8; 23; 0; 1; 756; 
28; 24; 0; 1; 422; 
2; 9; 0; 1; 314; 
14; 23; 0; 1; 722; 
24; 27; 0; 1; 590; 
22; 23; 0; 1; 125; 
28; 17; 0; 1; 311; 
1; 27; 0; 1; 458; 
4; 8; 0; 1; 178; 
15; 25; 0; 1; 153; 
14; 11; 0; 1; 204; 
27; 30; 0; 1; 431; 
29; 12; 0; 1; 317; 
6; 17; 0; 1; 278; 
26; 4; 0; 1; 27; 
27; 28; 0; 1; 292; 
21; 20; 0; 1; 535; 
8; 14; 0; 1; 371; 
21; 6; 0; 1; 363; 
22; 24; 0; 1; 68; 
8; 10; 0; 1; 353; 
5; 15; 0; 1; 479; 
4; 14; 0; 1; 683; 
14; 22; 0; 1; 174; 
4; 9; 0; 1; 418; 
22; 9; 0; 1; 553; 
15; 24; 0; 1; 233; 
27; 4; 0; 1; 15; 
23; 28; 0; 1; 406; 
10; 3; 0; 1; 780; 
5; 24; 0; 1; 750; 
16; 19; 0; 1; 87; 
14; 30; 0; 1; 696; 
27; 26; 0; 1; 664; 
20; 14; 0; 1; 677; 
21; 23; 0; 1; 364; 
4; 26; 0; 1; 627; 
22; 8; 0; 1; 437; 
20; 26; 0; 1; 541; 
9; 26; 0; 1; 374; 
17; 30; 0; 1; 346; 
20; 14; 0; 1; 660; 
15; 27; 0; 1; 339; 
1; 23; 0; 1; 744; 
18; 4; 0; 1; 804; 
15; 15; 0; 1; 580; 
9; 13; 0; 1; 83; 
26; 2; 0; 1; 305; 
22; 1; 0; 1; 800; 
18; 14; 0; 1; 295; 
7; 13; 0; 1; 100; 
4; 17; 0; 1; 297; 
8; 10; 0; 1; 608; 
21; 28; 0; 1; 615; 
20; 29; 0; 1; 140; 
10; 14; 0; 1; 674; 
5; 2; 0; 1; 717; 
1; 12; 0; 1; 445; 
22; 1; 0; 1; 715; 
22; 25; 0; 1; 377; 
29; 3; 0; 1; 5; 
19; 16; 0; 1; 644; 
16; 19; 0; 1; 524; 
16; 2; 0; 1; 154; 
16; 30; 0; 1; 556; 
7; 24; 0; 1; 656; 
11; 16; 0; 1; 330; 
23; 30; 0; 1; 516; 
7; 8; 0; 1; 228; 
28; 29; 0; 1; 513; 
6; 29; 0; 1; 440; 
16; 20; 0; 1; 615; 
27; 28; 0; 1; 168; 
23; 15; 0; 1; 191; 
12; 30; 0; 1; 357; 
15; 22; 0; 1; 241; 
13; 30; 0; 1; 775; 
20; 19; 0; 1; 427; 
13; 4; 0; 1; 351; 
15; 7; 0; 1; 328; 
18; 17; 0; 1; 722; 
25; 20; 0; 1; 49; 
30; 29; 0; 1; 652; 
10; 28; 0; 1; 177; 
24; 30; 0; 1; 420; 
15; 28; 0; 1; 302; 
23; 26; 0; 1; 227; 
28; 4; 0; 1; 496; 
8; 22; 0; 1; 283; 
26; 30; 0; 1; 466; 
11; 15; 0; 1; 800; 
19; 13; 0; 1; 401; 
24; 10; 0; 1; 81; 
6; 14; 0; 1; 269; 
20; 16; 0; 1; 335; 
0; 0; 587; 10; 
1; 0; 802; 5; 
2; 0; 1336; 7; 
3; 0; 372; 5; 
4; 0; 598; 9; 
5; 0; 1498; 14; 
6; 0; 224; 13; 
7; 0; 834; 9; 
8; 0; 1480; 6; 
9; 0; 557; 5; 
10; 0; 1616; 12; 
11; 0; 1395; 11; 
12; 0; 529; 13; 
13; 0; 756; 14; 
14; 0; 1001; 7; 
15; 0; 1073; 14; 
16; 0; 883; 6; 
17; 0; 497; 6; 
18; 0; 1013; 8; 
19; 0; 569; 13; 
20; 0; 745; 9; 
21; 0; 431; 7; 
22; 0; 1620; 13; 
23; 0; 192; 8; 
24; 0; 1449; 10; 
*** EOF ***