**** 6 ****
100
15; 7; 0; 1; 662; 
7; 4; 0; 1; 292; 
26; 14; 0; 1; 286; 
1; 4; 0; 1; 368; 
18; 30; 0; 1; 176; 
26; 6; 0; 1; 485; 
16; 5; 0; 1; 384; 
12; 29; 0; 1; 596; 
19; 18; 0; 1; 8; 
30; 14; 0; 1; 606; 
4; 16; 0; 1; 656; 
14; 11; 0; 1; 441; 
10; 14; 0; 1; 431; 
3; 18; 0; 1; 602; 
12; 7; 0; 1; 57; 
26; 26; 0; 1; 671; 
4; 24; 0; 1; 466; 
20; 6; 0; 1; 123; 
15; 28; 0; 1; 134; 
30; 20; 0; 1; 364; 
26; 29; 0; 1; 95; 
13; 3; 0; 1; 44; 
2; 27; 0; 1; 36; 
29; 12; 0; 1; 651; 
8; 30; 0; 1; 560; 
20; 11; 0; 1; 256; 
20; 8; 0; 1; 485; 
1; 3; 0; 1; 584; 
28; 3; 0; 1; 370; 
7; 15; 0; 1; 246; 
8; 12; 0; 1; 729; 
11; 5; 0; 1; 306; 
6; 11; 0; 1; 306; 
11; 2; 0; 1; 524; 
11; 5; 0; 1; 516; 
19; 20; 0; 1; 184; 
11; 17; 0; 1; 477; 
8; 12; 0; 1; 669; 
22; 27; 0; 1; 337; 
5; 11; 0; 1; 45; 
23; 29; 0; 1; 436; 
17; 11; 0; 1; 584; 
20; 22; 0; 1; 514; 
17; 2; 0; 1; 254; 
3; 28; 0; 1; 131; 
28; 15; 0; 1; 575; 
10; 28; 0; 1; 453; 
9; 4; 0; 1; 712; 
26; 26; 0; 1; 9; 
24; 27; 0; 1; 739; 
25; 3; 0; 1; 32; 
21; 20; 0; 1; 255; 
1; 15; 0; 1; 605; 
1; 14; 0; 1; 69; 
1; 29; 0; 1; 22; 
28; 4; 0; 1; 422; 
22; 11; 0; 1; 37; 
27; 1; 0; 1; 482; 
6; 12; 0; 1; 58; 
10; 30; 0; 1; 7; 
2; 16; 0; 1; 627; 
27; 2; 0; 1; 625; 
21; 23; 0; 1; 420; 
5; 13; 0; 1; 188; 
27; 1; 0; 1; 451; 
20; 8; 0; 1; 240; 
13; 28; 0; 1; 367; 
17; 7; 0; 1; 6; 
25; 20; 0; 1; 711; 
25; 11; 0; 1; 753; 
17; 24; 0; 1; 220; 
19; 13; 0; 1; 668; 
9; 21; 0; 1; 141; 
20; 12; 0; 1; 718; 
12; 22; 0; 1; 336; 
18; 16; 0; 1; 303; 
19; 22; 0; 1; 326; 
16; 16; 0; 1; 283; 
2; 17; 0; 1; 22; 
25; 14; 0; 1; 407; 
29; 15; 0; 1; 110; 
24; 11; 0; 1; 417; 
5; 11; 0; 1; 40; 
28; 18; 0; 1; 193; 
19; 7; 0; 1; 296; 
16; 20; 0; 1; 265; 
5; 14; 0; 1; 718; 
17; 20; 0; 1; 288; 
6; 18; 0; 1; 397; 
26; 7; 0; 1; 584; 
1; 27; 0; 1; 279; 
4; 29; 0; 1; 202; 
23; 9; 0; 1; 178; 
10; 30; 0; 1; 174; 
6; 28; 0; 1; 548; 
23; 8; 0; 1; 542; 
1; 26; 0; 1; 514; 
14; 29; 0; 1; 549; 
16; 3; 0; 1; 380; 
14; 6; 0; 1; 132; 
0; 0; 1427; 10; 
1; 0; 1307; 7; 
2; 0; 524; 5; 
3; 0; 655; 6; 
4; 0; 323; 10; 
5; 0; 493; 9; 
6; 0; 212; 6; 
7; 0; 1054; 9; 
8; 0; 762; 5; 
9; 0; 1210; 13; 
10; 0; 1012; 6; 
11; 0; 395; 6; 
12; 0; 1151; 6; 
13; 0; 197; 11; 
14; 0; 1242; 14; 
15; 0; 1139; 5; 
16; 0; 1069; 9; 
17; 0; 1228; 13; 
18; 0; 513; 13; 
19; 0; 67; 10; 
20; 0; 1465; 11; 
21; 0; 187; 8; 
22; 0; 779; 5; 
23; 0; 73; 9; 
24; 0; 1377; 10; 
*** EOF ***