**** 7 ****
100
11; 4; 0; 1; 256; 
18; 21; 0; 1; 351; 
18; 17; 0; 1; 526; 
23; 3; 0; 1; 79; 
13; 21; 0; 1; 148; 
3; 14; 0; 1; 324; 
26; 19; 0; 1; 565; 
16; 1; 0; 1; 361; 
24; 20; 0; 1; 301; 
11; 17; 0; 1; 25; 
1; 22; 0; 1; 696; 
2; 12; 0; 1; 378; 
17; 19; 0; 1; 50; 
18; 25; 0; 1; 369; 
11; 20; 0; 1; 625; 
2; 28; 0; 1; 285; 
16; 22; 0; 1; 250; 
22; 6; 0; 1; 502; 
3; 10; 0; 1; 221; 
20; 10; 0; 1; 552; 
3; 18; 0; 1; 147; 
13; 28; 0; 1; 49; 
22; 6; 0; 1; 623; 
4; 21; 0; 1; 375; 
18; 20; 0; 1; 367; 
12; 29; 0; 1; 104; 
5; 5; 0; 1; 657; 
9; 8; 0; 1; 289; 
7; 4; 0; 1; 108; 
7; 20; 0; 1; 417; 
23; 29; 0; 1; 56; 
3; 11; 0; 1; 396; 
28; 14; 0; 1; 190; 
15; 16; 0; 1; 645; 
19; 24; 0; 1; 162; 
14; 3; 0; 1; 349; 
8; 21; 0; 1; 251; 
19; 22; 0; 1; 480; 
23; 10; 0; 1; 431; 
18; 21; 0; 1; 263; 
17; 15; 0; 1; 451; 
2; 3; 0; 1; 581; 
22; 6; 0; 1; 409; 
22; 4; 0; 1; 517; 
6; 23; 0; 1; 586; 
1; 8; 0; 1; 655; 
17; 25; 0; 1; 594; 
30; 24; 0; 1; 675; 
7; 14; 0; 1; 388; 
2; 2; 0; 1; 1; 
29; 28; 0; 1; 633; 
25; 22; 0; 1; 501; 
13; 2; 0; 1; 44; 
4; 14; 0; 1; 463; 
16; 20; 0; 1; 632; 
8; 1; 0; 1; 683; 
11; 7; 0; 1; 176; 
10; 11; 0; 1; 54; 
6; 8; 0; 1; 316; 
3; 24; 0; 1; 381; 
18; 5; 0; 1; 572; 
9; 12; 0; 1; 70; 
9; 25; 0; 1; 146; 
15; 11; 0; 1; 192; 
15; 28; 0; 1; 225; 
16; 17; 0; 1; 128; 
18; 8; 0; 1; 347; 
19; 4; 0; 1; 539; 
25; 1; 0; 1; 546; 
7; 25; 0; 1; 602; 
8; 3; 0; 1; 428; 
23; 11; 0; 1; 19; 
26; 6; 0; 1; 603; 
5; 29; 0; 1; 223; 
29; 12; 0; 1; 260; 
8; 30; 0; 1; 65; 
2; 3; 0; 1; 463; 
28; 21; 0; 1; 691; 
28; 3; 0; 1; 362; 
8; 17; 0; 1; 38; 
15; 8; 0; 1; 268; 
10; 30; 0; 1; 500; 
17; 21; 0; 1; 675; 
12; 17; 0; 1; 597; 
29; 27; 0; 1; 573; 
16; 18; 0; 1; 61; 
6; 16; 0; 1; 77; 
11; 29; 0; 1; 590; 
27; 22; 0; 1; 524; 
24; 4; 0; 1; 68; 
15; 9; 0; 1; 539; 
17; 2; 0; 1; 171; 
26; 3; 0; 1; 114; 
19; 17; 0; 1; 35; 
5; 30; 0; 1; 686; 
13; 21; 0; 1; 499; 
7; 20; 0; 1; 668; 
8; 9; 0; 1; 564; 
8; 1; 0; 1; 332; 
12; 1; 0; 1; 525; 
0; 0; 392; 7; 
1; 0; 37; 12; 
2; 0; 651; 6; 
3; 0; 642; 5; 
4; 0; 904; 14; 
5; 0; 72; 8; 
6; 0; 184; 14; 
7; 0; 63; 11; 
8; 0; 170; 6; 
9; 0; 441; 10; 
10; 0; 1265; 8; 
11; 0; 1173; 7; 
12; 0; 537; 7; 
13; 0; 876; 5; 
14; 0; 348; 8; 
15; 0; 241; 5; 
16; 0; 1386; 9; 
17; 0; 1065; 13; 
18; 0; 227; 8; 
19; 0; 866; 6; 
20; 0; 153; 5; 
21; 0; 37; 7; 
22; 0; 1186; 11; 
23; 0; 57; 5; 
24; 0; 1023; 9; 
*** EOF ***