**** 8 ****
100
27; 20; 0; 1; 476; 
22; 30; 0; 1; 68; 
18; 18; 0; 1; 193; 
23; 13; 0; 1; 219; 
12; 11; 0; 1; 34; 
26; 5; 0; 1; 692; 
4; 12; 0; 1; 457; 
23; 7; 0; 1; 258; 
15; 24; 0; 1; 184; 
24; 25; 0; 1; 169; 
13; 28; 0; 1; 595; 
19; 1; 0; 1; 55; 
19; 27; 0; 1; 126; 
17; 26; 0; 1; 248; 
29; 9; 0; 1; 225; 
1; 23; 0; 1; 76; 
28; 1; 0; 1; 654; 
17; 9; 0; 1; 387; 
17; 28; 0; 1; 282; 
10; 27; 0; 1; 358; 
12; 14; 0; 1; 587; 
27; 21; 0; 1; 109; 
7; 25; 0; 1; 555; 
17; 5; 0; 1; 730; 
5; 19; 0; 1; 147; 
20; 22; 0; 1; 777; 
6; 17; 0; 1; 481; 
28; 15; 0; 1; 414; 
21; 8; 0; 1; 5; 
12; 30; 0; 1; 105; 
6; 25; 0; 1; 264; 
13; 27; 0; 1; 703; 
16; 16; 0; 1; 594; 
11; 4; 0; 1; 580; 
21; 17; 0; 1; 36; 
3; 20; 0; 1; 146; 
1; 16; 0; 1; 336; 
9; 8; 0; 1; 1; 
30; 20; 0; 1; 192; 
10; 26; 0; 1; 511; 
10; 27; 0; 1; 63; 
1; 30; 0; 1; 569; 
15; 7; 0; 1; 321; 
3; 11; 0; 1; 240; 
27; 1; 0; 1; 369; 
12; 7; 0; 1; 613; 
6; 2; 0; 1; 759; 
24; 9; 0; 1; 678; 
11; 10; 0; 1; 533; 
23; 8; 0; 1; 703; 
20; 7; 0; 1; 165; 
27; 30; 0; 1; 445; 
17; 26; 0; 1; 59; 
6; 13; 0; 1; 231; 
8; 7; 0; 1; 510; 
18; 16; 0; 1; 537; 
2; 10; 0; 1; 176; 
25; 19; 0; 1; 281; 
15; 5; 0; 1; 29; 
17; 17; 0; 1; 192; 
15; 14; 0; 1; 679; 
5; 26; 0; 1; 13; 
28; 27; 0; 1; 310; 
19; 12; 0; 1; 312; 
1; 21; 0; 1; 163; 
4; 15; 0; 1; 781; 
18; 14; 0; 1; 170; 
11; 15; 0; 1; 399; 
3; 25; 0; 1; 663; 
24; 25; 0; 1; 493; 
1; 18; 0; 1; 656; 
28; 23; 0; 1; 514; 
24; 14; 0; 1; 453; 
25; 28; 0; 1; 164; 
25; 19; 0; 1; 407; 
15; 1; 0; 1; 629; 
16; 12; 0; 1; 316; 
15; 9; 0; 1; 105; 
27; 27; 0; 1; 633; 
17; 7; 0; 1; 205; 
5; 11; 0; 1; 508; 
18; 18; 0; 1; 97; 
4; 13; 0; 1; 721; 
4; 22; 0; 1; 14; 
9; 24; 0; 1; 784; 
29; 15; 0; 1; 485; 
25; 24; 0; 1; 666; 
20; 3; 0; 1; 380; 
24; 23; 0; 1; 727; 
3; 8; 0; 1; 641; 
30; 23; 0; 1; 450; 
22; 9; 0; 1; 750; 
7; 29; 0; 1; 289; 
28; 2; 0; 1; 581; 
27; 21; 0; 1; 367; 
5; 8; 0; 1; 350; 
13; 22; 0; 1; 670; 
24; 23; 0; 1; 611; 
29; 24; 0; 1; 241; 
16; 30; 0; 1; 488; 
0; 0; 1500; 13; 
1; 0; 454; 9; 
2; 0; 224; 12; 
3; 0; 1505; 6; 
4; 0; 98; 14; 
5; 0; 1167; 14; 
6; 0; 1190; 10; 
7; 0; 597; 9; 
8; 0; 1092; 12; 
9; 0; 1447; 9; 
10; 0; 597; 9; 
11; 0; 834; 12; 
12; 0; 776; 12; 
13; 0; 93; 9; 
14; 0; 1039; 12; 
15; 0; 1454; 10; 
16; 0; 1351; 6; 
17; 0; 72; 14; 
18; 0; 1299; 13; 
19; 0; 1192; 13; 
20; 0; 636; 5; 
21; 0; 59; 14; 
22; 0; 498; 6; 
23; 0; 425; 8; 
24; 0; 322; 6; 
*** EOF ***