**** 9 ****
100
10; 15; 0; 1; 734; 
22; 23; 0; 1; 650; 
21; 5; 0; 1; 227; 
28; 15; 0; 1; 464; 
22; 5; 0; 1; 589; 
19; 13; 0; 1; 354; 
30; 22; 0; 1; 778; 
16; 28; 0; 1; 608; 
27; 23; 0; 1; 522; 
27; 5; 0; 1; 814; 
30; 3; 0; 1; 130; 
23; 27; 0; 1; 502; 
3; 26; 0; 1; 237; 
29; 23; 0; 1; 393; 
15; 11; 0; 1; 93; 
3; 5; 0; 1; 375; 
6; 21; 0; 1; 272; 
23; 16; 0; 1; 291; 
20; 23; 0; 1; 122; 
4; 13; 0; 1; 792; 
23; 14; 0; 1; 75; 
9; 27; 0; 1; 529; 
7; 18; 0; 1; 194; 
27; 11; 0; 1; 332; 
9; 2; 0; 1; 223; 
20; 13; 0; 1; 427; 
12; 3; 0; 1; 601; 
24; 29; 0; 1; 454; 
30; 10; 0; 1; 336; 
27; 30; 0; 1; 562; 
3; 11; 0; 1; 490; 
4; 8; 0; 1; 594; 
13; 20; 0; 1; 512; 
28; 8; 0; 1; 25; 
24; 21; 0; 1; 81; 
19; 25; 0; 1; 604; 
21; 16; 0; 1; 2; 
12; 8; 0; 1; 262; 
16; 14; 0; 1; 825; 
18; 17; 0; 1; 409; 
30; 17; 0; 1; 584; 
21; 7; 0; 1; 69; 
5; 24; 0; 1; 859; 
17; 4; 0; 1; 575; 
1; 13; 0; 1; 57; 
8; 25; 0; 1; 216; 
12; 17; 0; 1; 850; 
26; 22; 0; 1; 793; 
25; 3; 0; 1; 550; 
15; 3; 0; 1; 787; 
12; 2; 0; 1; 443; 
25; 2; 0; 1; 655; 
23; 14; 0; 1; 584; 
3; 13; 0; 1; 797; 
4; 7; 0; 1; 361; 
29; 16; 0; 1; 224; 
20; 22; 0; 1; 867; 
28; 25; 0; 1; 1; 
16; 2; 0; 1; 291; 
29; 22; 0; 1; 25; 
16; 27; 0; 1; 323; 
17; 11; 0; 1; 133; 
1; 11; 0; 1; 15; 
4; 14; 0; 1; 71; 
30; 27; 0; 1; 192; 
8; 30; 0; 1; 708; 
15; 29; 0; 1; 855; 
23; 21; 0; 1; 629; 
20; 21; 0; 1; 328; 
25; 26; 0; 1; 818; 
12; 20; 0; 1; 733; 
12; 17; 0; 1; 540; 
17; 17; 0; 1; 520; 
25; 12; 0; 1; 306; 
10; 20; 0; 1; 784; 
16; 28; 0; 1; 497; 
20; 24; 0; 1; 655; 
23; 7; 0; 1; 257; 
11; 30; 0; 1; 467; 
11; 29; 0; 1; 461; 
22; 3; 0; 1; 648; 
27; 26; 0; 1; 290; 
21; 21; 0; 1; 543; 
28; 23; 0; 1; 744; 
22; 15; 0; 1; 819; 
17; 28; 0; 1; 755; 
26; 3; 0; 1; 157; 
21; 8; 0; 1; 31; 
25; 27; 0; 1; 365; 
1; 10; 0; 1; 49; 
4; 23; 0; 1; 788; 
1; 24; 0; 1; 204; 
7; 30; 0; 1; 793; 
28; 29; 0; 1; 20; 
25; 8; 0; 1; 157; 
7; 30; 0; 1; 864; 
13; 18; 0; 1; 718; 
23; 15; 0; 1; 198; 
11; 26; 0; 1; 782; 
19; 21; 0; 1; 128; 
0; 0; 368; 6; 
1; 0; 1675; 7; 
2; 0; 990; 11; 
3; 0; 664; 7; 
4; 0; 1674; 13; 
5; 0; 1162; 6; 
6; 0; 1241; 8; 
7; 0; 1416; 7; 
8; 0; 506; 12; 
9; 0; 397; 6; 
10; 0; 546; 10; 
11; 0; 1056; 6; 
12; 0; 1010; 6; 
13; 0; 1121; 9; 
14; 0; 276; 14; 
15; 0; 1398; 9; 
16; 0; 1196; 5; 
17; 0; 397; 9; 
18; 0; 875; 11; 
19; 0; 582; 8; 
20; 0; 1496; 6; 
21; 0; 914; 13; 
22; 0; 1471; 11; 
23; 0; 285; 14; 
24; 0; 1262; 7; 
*** EOF ***